id_expl,id_planeamento,desig_comercial,tipo_servico_niveis,num_bicicletas,num_docas,racio,estado,update_date,bbox,update_date_hour,update_date_only,longitude,latitude
388,388,109 - Alameda dos Oceanos / Rua Ilha dos Amores,B,11,14,0.79,repair,2023-04-20 01:45:45,"-9.094672, 38.777589, -9.094672, 38.777589",1,2023-04-20,-9.094672,38.777589
306,306,306 - Avenida da Liberdade / Rua Alexandre Herculano,A,0,16,0.0,active,2024-04-20 15:20:20,"-9.14854, 38.72281, -9.14854, 38.72281",15,2024-04-20,-9.14854,38.72281
210,210,238 - Rua de Cascais / Alcântara Mar,A,0,0,0.0,repair,2022-04-07 11:56:26,"-9.175234, 38.702936, -9.175234, 38.702936",11,2022-04-07,-9.175234,38.702936
351,351,352 - Rua Tomás da Anunciação / Rua Almeida e S.,,0,17,0.0,repair,2022-07-13 15:45:51,"-9.165653, 38.717313, -9.165653, 38.717313",15,2022-07-13,-9.165653,38.717313
452,452,452 - Rua Teixeira de Pascoais / Rua Dr. Gama Barros,B,0,10,0.0,active,2024-04-20 15:20:08,"-9.136681, 38.747751, -9.136681, 38.747751",15,2024-04-20,-9.136681,38.747751
419,419,419 - Av. António José de Almeida / Instituto Superior Técnico,B,1,25,0.04,active,2024-04-20 15:20:22,"-9.13956, 38.73811, -9.13956, 38.73811",15,2024-04-20,-9.13956,38.73811
468,468,468 - Largo Frei Heitor Pinto,B,7,21,0.33,active,2024-04-20 15:20:10,"-9.13827, 38.75482, -9.13827, 38.75482",15,2024-04-20,-9.13827,38.75482
442,442,442 - Campo Pequeno,A,2,16,0.13,active,2024-04-20 15:20:10,"-9.14523, 38.743371, -9.14523, 38.743371",15,2024-04-20,-9.14523,38.743371
415,415,415 - Av. Duque de Ávila / Av. Conde Valbom,B,0,20,0.0,active,2024-04-20 15:20:12,"-9.148443, 38.735188, -9.148443, 38.735188",15,2024-04-20,-9.148443,38.735188
459,459,459 - Rua Maria Amália Vaz de Carvalho / ES Rainha D. Leonor,B,1,20,0.05,active,2024-04-20 15:20:14,"-9.141741, 38.751481, -9.141741, 38.751481",15,2024-04-20,-9.141741,38.751481
401,401,401 - Rua Martens Ferrão / Av. Fontes Pereira de Melo,B,3,16,0.19,active,2024-04-20 15:20:24,"-9.14742, 38.72894, -9.14742, 38.72894",15,2024-04-20,-9.14742,38.72894
417,417,417 - Av. Duque de Ávila / Jardim Arco Do Cego,A,1,23,0.04,active,2024-04-20 15:20:13,"-9.142703, 38.735352, -9.142703, 38.735352",15,2024-04-20,-9.142703,38.735352
423,423,423 - Av. Conde Valbom / Rua Marquês Sá da Bandeira,B,2,10,0.2,active,2024-04-20 15:20:14,"-9.152295, 38.737911, -9.152295, 38.737911",15,2024-04-20,-9.152295,38.737911
485,485,485 - Rua Tomás da Fonseca / Rua António Albino Machado,B,2,10,0.2,active,2024-04-20 15:20:18,"-9.17, 38.756, -9.17, 38.756",15,2024-04-20,-9.17,38.756
305,305,305 - Avenida da Liberdade / Rua Barata Salgueiro,A,4,16,0.25,active,2024-04-20 15:20:19,"-9.147, 38.72228, -9.147, 38.72228",15,2024-04-20,-9.147,38.72228
487,487,487 - Rua Professor João Barreira,B,2,14,0.14,active,2024-04-20 15:20:20,"-9.17096, 38.76136, -9.17096, 38.76136",15,2024-04-20,-9.17096,38.76136
486,486,486 - Rua Hermano Neves / Rua José Escada,B,3,14,0.21,active,2024-04-20 15:20:20,"-9.16985, 38.75954, -9.16985, 38.75954",15,2024-04-20,-9.16985,38.75954
211,211,211 - Doca da Marinha,A,31,40,0.78,active,2024-04-20 15:20:44,"-9.132463, 38.707751, -9.132463, 38.707751",15,2024-04-20,-9.132463,38.707751
431,431,431 - Rua do Arco Cego / Av. Magalhães Lima,B,2,14,0.14,active,2024-04-20 15:20:10,"-9.14199, 38.73937, -9.14199, 38.73937",15,2024-04-20,-9.14199,38.73937
443,443,443 - Av. de Roma / Fórum Lisboa,B,3,14,0.21,active,2024-04-20 15:20:21,"-9.13866, 38.74351, -9.13866, 38.74351",15,2024-04-20,-9.13866,38.74351
109,109,109 - Alameda dos Oceanos / Rua Ilha dos Amores,,11,14,0.79,active,2024-04-20 15:20:45,"-9.094686, 38.777548, -9.094686, 38.777548",15,2024-04-20,-9.094686,38.777548
412,412,412 - Av. Ressano Garcia / Av. António Augusto de Aguiar,B,1,16,0.06,active,2024-04-20 15:20:10,"-9.1546, 38.73448, -9.1546, 38.73448",15,2024-04-20,-9.1546,38.73448
490,490,490 - Rua Fernando Namora / Azinhaga da Torre do Fato,A,3,16,0.19,active,2024-04-20 15:20:23,"-9.17849, 38.76026, -9.17849, 38.76026",15,2024-04-20,-9.17849,38.76026
232,232,232 - Avenida da Índia / Centro de Arqueologia de Lisboa,A,0,22,0.0,repair,2024-04-20 15:20:47,"-9.212149, 38.694155, -9.212149, 38.694155",15,2024-04-20,-9.212149,38.694155
426,426,426 - Av. Elias Garcia / Av. 5 de Outubro,B,2,14,0.14,active,2024-04-20 15:20:11,"-9.14793, 38.739046, -9.14793, 38.739046",15,2024-04-20,-9.14793,38.739046
139,139,139 - Rua Cidade de Bissau (Metro Olivais),A,11,25,0.44,active,2024-04-20 15:20:34,"-9.111596, 38.76134, -9.111596, 38.76134",15,2024-04-20,-9.111596,38.76134
315,315,315 - Rua Passos Manuel/ Jardim Constantino,A,1,20,0.05,active,2024-04-20 15:20:35,"-9.136968, 38.731264, -9.136968, 38.731264",15,2024-04-20,-9.136968,38.731264
449,449,449 - Av. 5 de Outubro / Rua da Cruz Vermelha,B,3,14,0.21,active,2024-04-20 15:20:11,"-9.150085, 38.746836, -9.150085, 38.746836",15,2024-04-20,-9.150085,38.746836
520,520,520 - Lispolis,A,10,23,0.43,active,2024-04-20 15:20:42,"-9.182513, 38.766995, -9.182513, 38.766995",15,2024-04-20,-9.182513,38.766995
241,241,241 - Largo Luís Alves Miguel / Rua Fernão Mendes Pinto,A,0,11,0.0,repair,2024-04-20 15:20:47,"-9.214902, 38.694942, -9.214902, 38.694942",15,2024-04-20,-9.214902,38.694942
450,450,450 - Rua Alfredo Cortês,B,1,10,0.1,active,2024-04-20 15:20:11,"-9.14399, 38.74626, -9.14399, 38.74626",15,2024-04-20,-9.14399,38.74626
435,435,435 - Interface de Sete Rios,A,3,43,0.07,active,2024-04-20 15:20:43,"-9.166955, 38.740579, -9.166955, 38.740579",15,2024-04-20,-9.166955,38.740579
209,209,209 - Ribeira das Naus,A,18,27,0.67,active,2024-04-20 15:20:44,"-9.141466, 38.705954, -9.141466, 38.705954",15,2024-04-20,-9.141466,38.705954
511,511,511 - Avenida do Uruguai,A,0,27,0.0,active,2024-04-20 15:20:45,"-9.196294, 38.753789, -9.196294, 38.753789",15,2024-04-20,-9.196294,38.753789
281,281,281 - HUB Criativo do Beato Nascente,A,16,26,0.62,active,2024-04-20 15:20:45,"-9.105308, 38.731578, -9.105308, 38.731578",15,2024-04-20,-9.105308,38.731578
503,503,503 - Rua Conde de Almoster / Rua Carlos Pereira,A,10,12,0.83,active,2024-04-20 15:20:46,"-9.178764, 38.74266, -9.178764, 38.74266",15,2024-04-20,-9.178764,38.74266
105,105,105 - CC Vasco da Gama,A,35,40,0.88,active,2024-04-20 15:20:06,"-9.096222, 38.768548, -9.096222, 38.768548",15,2024-04-20,-9.096222,38.768548
102,102,102 - Porta do Mar,B,5,14,0.36,active,2024-04-20 15:20:07,"-9.096439, 38.759156, -9.096439, 38.759156",15,2024-04-20,-9.096439,38.759156
106,106,106 - Jardim Garcia da Orta,B,12,14,0.86,active,2024-04-20 15:20:07,"-9.092506, 38.769459, -9.092506, 38.769459",15,2024-04-20,-9.092506,38.769459
104,104,104 - Gare do Oriente,A,30,40,0.75,active,2024-04-20 15:20:06,"-9.097322, 38.766716, -9.097322, 38.766716",15,2024-04-20,-9.097322,38.766716
107,107,107 - Rotunda dos Vice-Reis,B,14,14,1.0,active,2024-04-20 15:20:08,"-9.095416, 38.774505, -9.095416, 38.774505",15,2024-04-20,-9.095416,38.774505
101,101,101 - Alameda dos Oceanos / Rua dos Argonautas,A,13,16,0.81,active,2024-04-20 15:20:07,"-9.096804, 38.756161, -9.096804, 38.756161",15,2024-04-20,-9.096804,38.756161
108,108,108 - Rua do Bojador,B,11,14,0.79,active,2024-04-20 15:20:08,"-9.09235, 38.774289, -9.09235, 38.774289",15,2024-04-20,-9.09235,38.774289
103,103,103 - Jardim da Água,B,15,20,0.75,active,2024-04-20 15:20:07,"-9.095019, 38.761218, -9.095019, 38.761218",15,2024-04-20,-9.095019,38.761218
481,481,481 - Campo Grande / Museu da Cidade,B,4,20,0.2,active,2024-04-20 15:20:09,"-9.156169, 38.758207, -9.156169, 38.758207",15,2024-04-20,-9.156169,38.758207
430,430,430 - Av. Barbosa Du Bocage / Rua Arco do Cego,B,3,20,0.15,active,2024-04-20 15:20:11,"-9.14329, 38.74081, -9.14329, 38.74081",15,2024-04-20,-9.14329,38.74081
110,110,110 - Rua de Moscavide,B,6,18,0.33,active,2024-04-20 15:20:08,"-9.097068, 38.778466, -9.097068, 38.778466",15,2024-04-20,-9.097068,38.778466
464,464,464 - Av. da Igreja / Rua Afonso Lopes Vieira,B,0,14,0.0,active,2024-04-20 15:20:09,"-9.148427, 38.75165, -9.148427, 38.75165",15,2024-04-20,-9.148427,38.75165
414,414,414 - Av. Duque de Ávila / Rua Pinheiro Chagas,B,5,19,0.26,active,2024-04-20 15:20:09,"-9.151, 38.735, -9.151, 38.735",15,2024-04-20,-9.151,38.735
460,460,460 - Av. Rio de Janeiro / Parque de Jogos 1º de Maio,B,0,15,0.0,active,2024-04-20 15:20:11,"-9.13749, 38.75176, -9.13749, 38.75176",15,2024-04-20,-9.13749,38.75176
453,453,453 - Av. Roma / Av. EUA,B,2,14,0.14,active,2024-04-20 15:20:13,"-9.14207, 38.74873, -9.14207, 38.74873",15,2024-04-20,-9.14207,38.74873
225,225,225 - Martim Moniz,A,12,16,0.75,active,2024-04-20 15:20:22,"-9.13694, 38.71526, -9.13694, 38.71526",15,2024-04-20,-9.13694,38.71526
457,457,457 - Rua Aboim Ascensão,B,1,10,0.1,active,2024-04-20 15:20:09,"-9.14722, 38.74975, -9.14722, 38.74975",15,2024-04-20,-9.14722,38.74975
413,413,413 - Av. Ressano Garcia / Av. António Augusto de Aguiar,B,6,10,0.6,active,2024-04-20 15:20:13,"-9.15425, 38.73432, -9.15425, 38.73432",15,2024-04-20,-9.15425,38.73432
463,463,463 - Campo Grande / Av. da Igreja,B,3,10,0.3,active,2024-04-20 15:20:15,"-9.14951, 38.75243, -9.14951, 38.75243",15,2024-04-20,-9.14951,38.75243
218,218,218 - Cais do Sodré,A,21,22,0.95,active,2024-04-20 15:20:23,"-9.14471, 38.70617, -9.14471, 38.70617",15,2024-04-20,-9.14471,38.70617
472,472,472 - Rua Marquês Soveral / ES Padre António Vieira,B,12,14,0.86,active,2024-04-20 15:20:12,"-9.13608, 38.75784, -9.13608, 38.75784",15,2024-04-20,-9.13608,38.75784
473,473,473 - Av. do Brasil / Av. de Roma,B,5,14,0.36,active,2024-04-20 15:20:13,"-9.14697, 38.75643, -9.14697, 38.75643",15,2024-04-20,-9.14697,38.75643
216,216,216 - Praça D. Luís I,A,20,21,0.95,active,2024-04-20 15:20:23,"-9.14655, 38.70663, -9.14655, 38.70663",15,2024-04-20,-9.14655,38.70663
474,474,474 - Av. do Brasil / Av. Rio de Janeiro,A,6,15,0.4,active,2024-04-20 15:20:14,"-9.1409, 38.75832, -9.1409, 38.75832",15,2024-04-20,-9.1409,38.75832
433,433,433 - Av. Paris / Av. Almirante Reis,B,1,14,0.07,active,2024-04-20 15:20:25,"-9.13409, 38.74095, -9.13409, 38.74095",15,2024-04-20,-9.13409,38.74095
552,552,552 - Alameda das Linhas de Torres / Hospital Puli,A,2,12,0.17,active,2024-04-20 15:20:31,"-9.157335, 38.766075, -9.157335, 38.766075",15,2024-04-20,-9.157335,38.766075
407,407,407 - Praça Duque de Saldanha,A,0,17,0.0,active,2024-04-20 15:20:15,"-9.14446, 38.73434, -9.14446, 38.73434",15,2024-04-20,-9.14446,38.73434
301,301,301 - Avenida da Liberdade / Restauradores,A,12,21,0.57,active,2024-04-20 15:20:26,"-9.14242, 38.71702, -9.14242, 38.71702",15,2024-04-20,-9.14242,38.71702
408,408,408 - Praça Duque de Saldanha,A,0,10,0.0,active,2024-04-20 15:20:15,"-9.144117, 38.733749, -9.144117, 38.733749",15,2024-04-20,-9.144117,38.733749
206,206,206 - Av. Brasília / Doca de Alcântara,A,12,22,0.55,active,2024-04-20 15:20:27,"-9.17502, 38.70141, -9.17502, 38.70141",15,2024-04-20,-9.17502,38.70141
406,406,406 - Praça Duque de Saldanha,A,0,17,0.0,active,2024-04-20 15:20:15,"-9.145341, 38.734247, -9.145341, 38.734247",15,2024-04-20,-9.145341,38.734247
213,213,213 - Av. Infante Dom Henrique / Santa Apolónia,A,13,32,0.41,active,2024-04-20 15:20:28,"-9.122548, 38.713416, -9.122548, 38.713416",15,2024-04-20,-9.122548,38.713416
428,428,428 - Av. República / Avenida Barbosa Du Bocage,A,9,12,0.75,active,2024-04-20 15:20:15,"-9.14684, 38.74047, -9.14684, 38.74047",15,2024-04-20,-9.14684,38.74047
475,475,475 - Av. Professor Gama Pinto / Cantina Velha,B,4,41,0.1,active,2024-04-20 15:20:28,"-9.15907, 38.75115, -9.15907, 38.75115",15,2024-04-20,-9.15907,38.75115
427,427,427 - Av. República / Av. Visconde Valmor,A,0,12,0.0,active,2024-04-20 15:20:16,"-9.14617, 38.73812, -9.14617, 38.73812",15,2024-04-20,-9.14617,38.73812
461,461,461 - Rua Professora Teresa Ambrósio,B,13,32,0.41,active,2024-04-20 15:20:28,"-9.155564, 38.749141, -9.155564, 38.749141",15,2024-04-20,-9.155564,38.749141
446,446,446 - Av. República / Interface Entrecampos ,A,10,40,0.25,active,2024-04-20 15:20:16,"-9.14773, 38.74456, -9.14773, 38.74456",15,2024-04-20,-9.14773,38.74456
476,476,476 - Av. Professor Gama Pinto / Reitoria,B,15,23,0.65,active,2024-04-20 15:20:29,"-9.15885, 38.75231, -9.15885, 38.75231",15,2024-04-20,-9.15885,38.75231
403,403,403 - Av. Fontes Pereira de Melo,B,0,20,0.0,active,2024-04-20 15:20:16,"-9.146522, 38.731698, -9.146522, 38.731698",15,2024-04-20,-9.146522,38.731698
478,478,478 - Alameda da Universidade / Faculdade de Letras,B,5,32,0.16,active,2024-04-20 15:20:29,"-9.15717, 38.75359, -9.15717, 38.75359",15,2024-04-20,-9.15717,38.75359
416,416,416 - Av. República / Avenida Duque de Ávila,A,0,16,0.0,active,2024-04-20 15:20:16,"-9.14553, 38.735304, -9.14553, 38.735304",15,2024-04-20,-9.14553,38.735304
477,477,477 - Alameda da Universidade / Faculdade de Direito,B,1,24,0.04,active,2024-04-20 15:20:29,"-9.15671, 38.75264, -9.15671, 38.75264",15,2024-04-20,-9.15671,38.75264
471,471,471 - Rua Lopes de Mendonça / EB São João de Brito,B,8,10,0.8,active,2024-04-20 15:20:17,"-9.137337, 38.756487, -9.137337, 38.756487",15,2024-04-20,-9.137337,38.756487
132,132,132 - Avenida de Berlim / Rua Cidade de Cabinda,A,7,25,0.28,active,2024-04-20 15:20:30,"-9.11255, 38.76829, -9.11255, 38.76829",15,2024-04-20,-9.11255,38.76829
115,115,115 - Passeio dos Heróis do Mar / Rua Capitão Cook,A,14,29,0.48,active,2024-04-20 15:20:17,"-9.09781, 38.793, -9.09781, 38.793",15,2024-04-20,-9.09781,38.793
133,133,133 - Rua Cidade de Benguela / Avenida Cidade de L,A,9,18,0.5,active,2024-04-20 15:20:30,"-9.110724, 38.76503, -9.110724, 38.76503",15,2024-04-20,-9.110724,38.76503
421,421,421 - Alameda D. Afonso Henriques,A,2,20,0.1,active,2024-04-20 15:20:17,"-9.13416, 38.73736, -9.13416, 38.73736",15,2024-04-20,-9.13416,38.73736
550,550,550 - Rua Fernando Curado Ribeiro / Alameda das Li,A,10,20,0.5,active,2024-04-20 15:20:31,"-9.156487, 38.760871, -9.156487, 38.760871",15,2024-04-20,-9.156487,38.760871
420,420,420 - Av. Rovisco Pais / Av. Manuel da Maia,B,2,26,0.08,active,2024-04-20 15:20:17,"-9.13672, 38.73617, -9.13672, 38.73617",15,2024-04-20,-9.13672,38.73617
556,556,556 - Alamedas das Linhas de Torres / Estrada da T,A,9,11,0.82,active,2024-04-20 15:20:31,"-9.161462, 38.773489, -9.161462, 38.773489",15,2024-04-20,-9.161462,38.773489
484,484,484 - Rua Professor Vieira de Almeida,A,7,22,0.32,active,2024-04-20 15:20:18,"-9.16658, 38.76081, -9.16658, 38.76081",15,2024-04-20,-9.16658,38.76081
223,223,223 - Praça do Rossio,A,20,21,0.95,active,2024-04-20 15:20:32,"-9.138952, 38.713112, -9.138952, 38.713112",15,2024-04-20,-9.138952,38.713112
314,314,314 - Rua Marques da Silva / Rua António Pedro,A,2,12,0.17,active,2024-04-20 15:20:35,"-9.135675, 38.729657, -9.135675, 38.729657",15,2024-04-20,-9.135675,38.729657
309,309,309 - Rua da Palma,B,5,10,0.5,active,2024-04-20 15:20:18,"-9.13577, 38.71901, -9.13577, 38.71901",15,2024-04-20,-9.13577,38.71901
316,316,316 - Rua António Pedro / Rua Pascoal de Melo,A,1,14,0.07,active,2024-04-20 15:20:36,"-9.135356, 38.731424, -9.135356, 38.731424",15,2024-04-20,-9.135356,38.731424
219,219,219 - Praça do Município,A,22,22,1.0,active,2024-04-20 15:20:19,"-9.13951, 38.70797, -9.13951, 38.70797",15,2024-04-20,-9.13951,38.70797
304,304,304 - Avenida da Liberdade / São Jorge,A,5,16,0.31,active,2024-04-20 15:20:19,"-9.14637, 38.72026, -9.14637, 38.72026",15,2024-04-20,-9.14637,38.72026
151,151,151 - Rua Contra Almirante Ferraz / Escola Sec.António Damásio,A,20,24,0.83,active,2024-04-20 15:20:36,"-9.108728, 38.770434, -9.108728, 38.770434",15,2024-04-20,-9.108728,38.770434
488,488,488 - Rua Fernando Namora / Rua António Quadros,B,3,20,0.15,active,2024-04-20 15:20:20,"-9.17526, 38.76014, -9.17526, 38.76014",15,2024-04-20,-9.17526,38.76014
130,130,130 - Avenida Berlim / Rua Américo Jesus Fernandes,A,11,20,0.55,active,2024-04-20 15:20:37,"-9.106858, 38.767761, -9.106858, 38.767761",15,2024-04-20,-9.106858,38.767761
365,365,365 - Rua Castilho / Rua Marquês da Fronteira,A,4,30,0.13,active,2024-04-20 15:20:38,"-9.157531, 38.729724, -9.157531, 38.729724",15,2024-04-20,-9.157531,38.729724
308,308,308 - Marquês de Pombal,A,0,11,0.0,active,2024-04-20 15:20:21,"-9.14969, 38.7246, -9.14969, 38.7246",15,2024-04-20,-9.14969,38.7246
508,508,508 - Estação de Comboios de Benfica,A,7,23,0.3,active,2024-04-20 15:20:39,"-9.200039, 38.74473, -9.200039, 38.74473",15,2024-04-20,-9.200039,38.74473
114,114,114 - Via do Oriente,B,9,10,0.9,active,2024-04-20 15:20:21,"-9.09974, 38.78836, -9.09974, 38.78836",15,2024-04-20,-9.09974,38.78836
510,510,510 - Largo da Revista Militar / Avenida do Colégio Militar,A,4,17,0.24,active,2024-04-20 15:20:39,"-9.189058, 38.752892, -9.189058, 38.752892",15,2024-04-20,-9.189058,38.752892
224,224,224 - Martim Moniz,A,16,22,0.73,active,2024-04-20 15:20:22,"-9.13651, 38.71498, -9.13651, 38.71498",15,2024-04-20,-9.13651,38.71498
517,517,517 - Rua Padre Américo,A,0,19,0.0,active,2024-04-20 15:20:39,"-9.180437, 38.763505, -9.180437, 38.763505",15,2024-04-20,-9.180437,38.763505
212,212,212 - Av. Infante Dom Henrique / Terminal de Cruzeiros,B,17,20,0.85,active,2024-04-20 15:20:22,"-9.12769, 38.71035, -9.12769, 38.71035",15,2024-04-20,-9.12769,38.71035
518,518,518 - Avenida das Nações Unidas / Azinhaga da Torre do Fato,A,0,20,0.0,active,2024-04-20 15:20:39,"-9.177955, 38.764097, -9.177955, 38.764097",15,2024-04-20,-9.177955,38.764097
432,432,432 - Praça de Londres,B,3,10,0.3,active,2024-04-20 15:20:23,"-9.1377, 38.7407, -9.1377, 38.7407",15,2024-04-20,-9.1377,38.7407
238,238,238 - Rua de Cascais / Alcântara Mar,A,7,23,0.3,active,2024-04-20 15:20:40,"-9.175234, 38.702936, -9.175234, 38.702936",15,2024-04-20,-9.175234,38.702936
462,462,462 - Campo Grande / Biblioteca Nacional,B,11,29,0.38,active,2024-04-20 15:20:24,"-9.15031, 38.75027, -9.15031, 38.75027",15,2024-04-20,-9.15031,38.75027
364,364,364 -Rua D.francisco M. de melo / Rua artilharia 1,A,0,14,0.0,repair,2024-04-20 15:20:47,"-9.159369, 38.728263, -9.159369, 38.728263",15,2024-04-20,-9.159369,38.728263
483,483,483 - Rua Professor Francisco Lucas Pires ,B,5,15,0.33,active,2024-04-20 15:20:24,"-9.16405, 38.75939, -9.16405, 38.75939",15,2024-04-20,-9.16405,38.75939
363,363,363 - Rua de campolide / Rua marques da fronteira,A,2,14,0.14,active,2024-04-20 15:20:40,"-9.162216, 38.727094, -9.162216, 38.727094",15,2024-04-20,-9.162216,38.727094
214,214,214 - Largo de Santos,A,4,24,0.17,active,2024-04-20 15:20:24,"-9.15424, 38.70673, -9.15424, 38.70673",15,2024-04-20,-9.15424,38.70673
519,519,519 - Rua Prof. Pulido Valente / Rua Prof. Mário ,A,2,25,0.08,active,2024-04-20 15:20:41,"-9.1691, 38.763204, -9.1691, 38.763204",15,2024-04-20,-9.1691,38.763204
208,208,208 - Cais das Pombas,A,21,22,0.95,active,2024-04-20 15:20:25,"-9.14373, 38.70523, -9.14373, 38.70523",15,2024-04-20,-9.14373,38.70523
352,352,352 - Rua Tomás da Anunciação / Rua Almeida e S.,A,1,17,0.06,active,2024-04-20 15:20:41,"-9.165653, 38.717313, -9.165653, 38.717313",15,2024-04-20,-9.165653,38.717313
410,410,410 - Rua da Mesquita / Universidade Nova de Lisboa,B,11,40,0.28,active,2024-04-20 15:20:25,"-9.16015, 38.73492, -9.16015, 38.73492",15,2024-04-20,-9.16015,38.73492
509,509,509 - Centro Comercial Fonte Nova,A,12,17,0.71,active,2024-04-20 15:20:41,"-9.190007, 38.748901, -9.190007, 38.748901",15,2024-04-20,-9.190007,38.748901
113,113,113 - Alameda dos Oceanos/ Passeio do Levante,B,12,14,0.86,active,2024-04-20 15:20:26,"-9.09825, 38.78414, -9.09825, 38.78414",15,2024-04-20,-9.09825,38.78414
521,521,521 - Rua César de Oliveira / Rua Fernando Lopes Graça,A,0,22,0.0,active,2024-04-20 15:20:42,"-9.17386, 38.769044, -9.17386, 38.769044",15,2024-04-20,-9.17386,38.769044
112,112,112 - Alameda dos Oceanos / Passeio das Garças,B,3,14,0.21,active,2024-04-20 15:20:26,"-9.09622, 38.78069, -9.09622, 38.78069",15,2024-04-20,-9.09622,38.78069
506,506,506 - Rua Tenente Coronel Reibeiro dos Reis/Rua Conde de Almoster,A,3,17,0.18,active,2024-04-20 15:20:44,"-9.190028, 38.745181, -9.190028, 38.745181",15,2024-04-20,-9.190028,38.745181
456,456,456 - Entrecampos / Av. das Forças Armadas,A,4,41,0.1,active,2024-04-20 15:20:26,"-9.14872, 38.74877, -9.14872, 38.74877",15,2024-04-20,-9.14872,38.74877
516,516,516 - Rua Professor Carlos Teixeira / Rua Professor Simões Raposo,A,1,16,0.06,active,2024-04-20 15:20:45,"-9.174872, 38.76217, -9.174872, 38.76217",15,2024-04-20,-9.174872,38.76217
215,215,215 - Av. 24 de Julho,B,15,17,0.88,active,2024-04-20 15:20:26,"-9.14949, 38.70662, -9.14949, 38.70662",15,2024-04-20,-9.14949,38.70662
437,437,437 - Avenida Columbano Bordalo Pinheiro / Rua de Campolide,A,2,17,0.12,active,2024-04-20 15:20:45,"-9.166589, 38.739427, -9.166589, 38.739427",15,2024-04-20,-9.166589,38.739427
222,222,222 - Praça da Figueira,A,26,30,0.87,active,2024-04-20 15:20:27,"-9.13828, 38.71383, -9.13828, 38.71383",15,2024-04-20,-9.13828,38.71383
280,280,280 - HUB Criativo do Beato Poente,A,14,16,0.88,active,2024-04-20 15:20:47,"-9.106709, 38.729739, -9.106709, 38.729739",15,2024-04-20,-9.106709,38.729739
205,205,205 - Av. Brasília / Cordoaria,B,4,10,0.4,active,2024-04-20 15:20:27,"-9.188, 38.697, -9.188, 38.697",15,2024-04-20,-9.188,38.697
231,231,231 - Largo Luís Alves Miguel / Rua Fernão Mendes Pinto,A,0,11,0.0,repair,2024-04-20 15:20:47,"-9.219675, 38.695342, -9.219675, 38.695342",15,2024-04-20,-9.219675,38.695342
203,203,203 - Padrão dos Descobrimentos,A,6,22,0.27,active,2024-04-20 15:20:27,"-9.20633, 38.6935, -9.20633, 38.6935",15,2024-04-20,-9.20633,38.6935
438,438,438 - Avenida Columbano Bordalo Pinheiro / Praça de Espanha,A,0,22,0.0,repair,2024-04-20 15:20:48,"-9.159409, 38.738086, -9.159409, 38.738086",15,2024-04-20,-9.159409,38.738086
479,479,479 - Rua Professor Oliveira Marques,B,3,13,0.23,active,2024-04-20 15:20:28,"-9.15724, 38.75491, -9.15724, 38.75491",15,2024-04-20,-9.15724,38.75491
480,480,480 - Faculdade de Ciências,B,8,25,0.32,active,2024-04-20 15:20:28,"-9.15503, 38.75587, -9.15503, 38.75587",15,2024-04-20,-9.15503,38.75587
134,134,134 - Praça Cidade do Luso,A,12,20,0.6,active,2024-04-20 15:20:29,"-9.116342, 38.765588, -9.116342, 38.765588",15,2024-04-20,-9.116342,38.765588
150,150,150 - Avenida Dr. Francisco Luis Gomes / Go Fit,A,12,17,0.71,active,2024-04-20 15:20:30,"-9.111745, 38.769665, -9.111745, 38.769665",15,2024-04-20,-9.111745,38.769665
131,131,131 - Avenida de Berlim / Praça Baden Powell,A,7,21,0.33,active,2024-04-20 15:20:30,"-9.110767, 38.768137, -9.110767, 38.768137",15,2024-04-20,-9.110767,38.768137
551,551,551 - Rua Francisco Stromp / Alameda das Linhas de,A,17,20,0.85,active,2024-04-20 15:20:32,"-9.157235, 38.762584, -9.157235, 38.762584",15,2024-04-20,-9.157235,38.762584
554,554,554 - Alameda das Linhas de Torres / Rua Ladislau,A,24,27,0.89,active,2024-04-20 15:20:32,"-9.158298, 38.768683, -9.158298, 38.768683",15,2024-04-20,-9.158298,38.768683
135,135,135 - Avenida Cidade de Lourenço Marques / Vale do,A,13,20,0.65,active,2024-04-20 15:20:32,"-9.118689, 38.764067, -9.118689, 38.764067",15,2024-04-20,-9.118689,38.764067
220,220,220 - Rua do Comercio,A,19,20,0.95,active,2024-04-20 15:20:33,"-9.137125, 38.70878, -9.137125, 38.70878",15,2024-04-20,-9.137125,38.70878
226,226,226 - Rua dos Fanqueiros,A,13,13,1.0,active,2024-04-20 15:20:33,"-9.136456, 38.711888, -9.136456, 38.711888",15,2024-04-20,-9.136456,38.711888
137,137,137 - Rua Cidade de Bissau (entrada SPACIO),A,28,33,0.85,active,2024-04-20 15:20:33,"-9.114505, 38.762829, -9.114505, 38.762829",15,2024-04-20,-9.114505,38.762829
311,311,311 - Avenida Almirante Reis Nº14,A,0,11,0.0,active,2024-04-20 15:20:34,"-9.135295, 38.721721, -9.135295, 38.721721",15,2024-04-20,-9.135295,38.721721
313,313,313 - Rua Frei Francisco Foreiro / Rua de Arroios,A,4,14,0.29,active,2024-04-20 15:20:34,"-9.135956, 38.728049, -9.135956, 38.728049",15,2024-04-20,-9.135956,38.728049
555,555,555 - Alameda das Linhas de Torres,A,32,33,0.97,active,2024-04-20 15:20:36,"-9.160248, 38.770657, -9.160248, 38.770657",15,2024-04-20,-9.160248,38.770657
221,221,221 - Rua do Crucifixo / Rua São Nicolau,A,12,15,0.8,active,2024-04-20 15:20:36,"-9.138828, 38.710191, -9.138828, 38.710191",15,2024-04-20,-9.138828,38.710191
366,366,366 - Palacio da justiça,A,9,30,0.3,active,2024-04-20 15:20:37,"-9.156435, 38.731134, -9.156435, 38.731134",15,2024-04-20,-9.156435,38.731134
310,310,310 - Rua Pina Manique / Largo do Intendente ,A,7,17,0.41,active,2024-04-20 15:20:37,"-9.134847, 38.720733, -9.134847, 38.720733",15,2024-04-20,-9.134847,38.720733
312,312,312 - Rua Álvaro Coutinho / Avenida Almirante Reis,A,9,18,0.5,active,2024-04-20 15:20:37,"-9.134802, 38.724869, -9.134802, 38.724869",15,2024-04-20,-9.134802,38.724869
553,553,553 - Rua Luis Pastor de Macedo / Rua Tobis Portuguesa,A,8,12,0.67,active,2024-04-20 15:20:38,"-9.15535, 38.767114, -9.15535, 38.767114",15,2024-04-20,-9.15535,38.767114
361,361,361 - Amoreiras Shopping Center,A,1,31,0.03,active,2024-04-20 15:20:38,"-9.160992, 38.72392, -9.160992, 38.72392",15,2024-04-20,-9.160992,38.72392
362,362,362 - Avenida Eng. Duarte Pacheco,A,8,40,0.2,active,2024-04-20 15:20:38,"-9.159469, 38.72437, -9.159469, 38.72437",15,2024-04-20,-9.159469,38.72437
507,507,507 - Rua José dos Santos Pereira / Rua Conde de Almoster,A,3,17,0.18,active,2024-04-20 15:20:41,"-9.193024, 38.744727, -9.193024, 38.744727",15,2024-04-20,-9.193024,38.744727
514,514,514 - Avenida do Colegio Militar / Rua Adelaide Cabete,A,12,17,0.71,active,2024-04-20 15:20:42,"-9.185588, 38.75736, -9.185588, 38.75736",15,2024-04-20,-9.185588,38.75736
237,237,237 - Avenida da India / Praca das Industrias,A,9,30,0.3,active,2024-04-20 15:20:42,"-9.182262, 38.699093, -9.182262, 38.699093",15,2024-04-20,-9.182262,38.699093
436,436,436 - Instituto Português de Oncologia,A,3,17,0.18,active,2024-04-20 15:20:43,"-9.162447, 38.739395, -9.162447, 38.739395",15,2024-04-20,-9.162447,38.739395
513,513,513 - Rua Guiomar Torresão/Metro de Carnide,A,3,20,0.15,active,2024-04-20 15:20:43,"-9.19216, 38.758691, -9.19216, 38.758691",15,2024-04-20,-9.19216,38.758691
502,502,502 - Rua São Domingos de Benfica / Rua Francisco Gentil Martins,A,1,16,0.06,active,2024-04-20 15:20:46,"-9.176365, 38.741406, -9.176365, 38.741406",15,2024-04-20,-9.176365,38.741406
307,307,307 - Marquês de Pombal,A,7,33,0.21,active,2024-04-20 15:20:21,"-9.149334, 38.724954, -9.149334, 38.724954",15,2024-04-20,-9.149334,38.724954
