id_expl,id_planeamento,desig_comercial,tipo_servico_niveis,num_bicicletas,num_docas,racio,estado,update_date,bbox,update_date_hour,update_date_only,longitude,latitude
104,104,104 - Gare do Oriente,A,4,40,0.1,active,2023-01-20 04:40:01,"-9.097322, 38.766716, -9.097322, 38.766716",4,2023-01-20,-9.097322,38.766716
101,101,101 - Alameda dos Oceanos / Rua dos Argonautas,A,8,16,0.5,active,2023-01-20 04:40:01,"-9.096804, 38.756161, -9.096804, 38.756161",4,2023-01-20,-9.096804,38.756161
103,103,103 - Jardim da Água,B,7,21,0.33,active,2023-01-20 04:40:01,"-9.095019, 38.761218, -9.095019, 38.761218",4,2023-01-20,-9.095019,38.761218
408,408,408 - Praça Duque de Saldanha,A,1,10,0.1,active,2023-01-20 04:40:08,"-9.144117, 38.733749, -9.144117, 38.733749",4,2023-01-20,-9.144117,38.733749
416,416,416 - Av. República / Avenida Duque de Ávila,A,1,17,0.06,active,2023-01-20 04:40:10,"-9.14553, 38.735304, -9.14553, 38.735304",4,2023-01-20,-9.14553,38.735304
215,215,215 - Av. 24 de Julho,B,10,17,0.59,active,2023-01-20 04:40:18,"-9.14949, 38.70662, -9.14949, 38.70662",4,2023-01-20,-9.14949,38.70662
210,210,238 - Rua de Cascais / Alcântara Mar,A,0,0,0.0,repair,2022-04-07 11:56:26,"-9.175234, 38.702936, -9.175234, 38.702936",11,2022-04-07,-9.175234,38.702936
351,351,352 - Rua Tomás da Anunciação / Rua Almeida e S.,,0,17,0.0,repair,2022-07-13 15:45:51,"-9.165653, 38.717313, -9.165653, 38.717313",15,2022-07-13,-9.165653,38.717313
219,219,219 - Praça do Município,A,2,22,0.09,active,2023-01-20 04:40:11,"-9.13951, 38.70797, -9.13951, 38.70797",4,2023-01-20,-9.13951,38.70797
216,216,216 - Praça D. Luís I,A,5,21,0.24,active,2023-01-20 04:40:15,"-9.14655, 38.70663, -9.14655, 38.70663",4,2023-01-20,-9.14655,38.70663
205,205,205 - Av. Brasília / Cordoaria,B,6,10,0.6,active,2023-01-20 04:40:18,"-9.188, 38.697, -9.188, 38.697",4,2023-01-20,-9.188,38.697
518,518,518 - Avenida das Nações Unidas / Azinhaga da Torre do Fato,A,4,20,0.2,active,2023-01-20 04:40:29,"-9.177955, 38.764097, -9.177955, 38.764097",4,2023-01-20,-9.177955,38.764097
102,102,102 - Porta do Mar,B,8,14,0.57,active,2023-01-20 04:40:01,"-9.096439, 38.759156, -9.096439, 38.759156",4,2023-01-20,-9.096439,38.759156
110,110,110 - Rua de Moscavide,B,13,18,0.72,active,2023-01-20 04:40:03,"-9.097068, 38.778466, -9.097068, 38.778466",4,2023-01-20,-9.097068,38.778466
452,452,452 - Rua Teixeira de Pascoais / Rua Dr. Gama Barros,B,10,10,1.0,active,2023-01-20 04:40:03,"-9.136681, 38.747751, -9.136681, 38.747751",4,2023-01-20,-9.136681,38.747751
468,468,468 - Largo Frei Heitor Pinto,B,9,21,0.43,active,2023-01-20 04:40:04,"-9.13827, 38.75482, -9.13827, 38.75482",4,2023-01-20,-9.13827,38.75482
106,106,106 - Jardim Garcia da Orta,B,3,14,0.21,active,2023-01-20 04:40:02,"-9.092506, 38.769459, -9.092506, 38.769459",4,2023-01-20,-9.092506,38.769459
107,107,107 - Rotunda dos Vice-Reis,B,4,14,0.29,active,2023-01-20 04:40:02,"-9.095416, 38.774505, -9.095416, 38.774505",4,2023-01-20,-9.095416,38.774505
464,464,464 - Av. da Igreja / Rua Afonso Lopes Vieira,B,3,14,0.21,active,2023-01-20 04:40:04,"-9.148427, 38.75165, -9.148427, 38.75165",4,2023-01-20,-9.148427,38.75165
108,108,108 - Rua do Bojador,B,2,14,0.14,active,2023-01-20 04:40:02,"-9.09235, 38.774289, -9.09235, 38.774289",4,2023-01-20,-9.09235,38.774289
109,109,109 - Alameda dos Oceanos / Rua Ilha dos Amores,B,8,14,0.57,active,2023-01-20 04:40:02,"-9.094672, 38.777589, -9.094672, 38.777589",4,2023-01-20,-9.094672,38.777589
417,417,417 - Av. Duque de Ávila / Jardim Arco Do Cego,A,4,23,0.17,active,2023-01-20 04:40:06,"-9.142703, 38.735352, -9.142703, 38.735352",4,2023-01-20,-9.142703,38.735352
459,459,459 - Rua Maria Amália Vaz de Carvalho / ES Rainha D. Leonor,B,8,20,0.4,active,2023-01-20 04:40:07,"-9.141741, 38.751481, -9.141741, 38.751481",4,2023-01-20,-9.141741,38.751481
105,105,105 - CC Vasco da Gama,A,10,40,0.25,active,2023-01-20 04:40:01,"-9.096222, 38.768548, -9.096222, 38.768548",4,2023-01-20,-9.096222,38.768548
457,457,457 - Rua Aboim Ascensão,B,4,10,0.4,active,2023-01-20 04:40:03,"-9.14722, 38.74975, -9.14722, 38.74975",4,2023-01-20,-9.14722,38.74975
453,453,453 - Av. Roma / Av. EUA,B,11,14,0.79,active,2023-01-20 04:40:07,"-9.14207, 38.74873, -9.14207, 38.74873",4,2023-01-20,-9.14207,38.74873
463,463,463 - Campo Grande / Av. da Igreja,B,5,10,0.5,active,2023-01-20 04:40:08,"-9.14951, 38.75243, -9.14951, 38.75243",4,2023-01-20,-9.14951,38.75243
414,414,414 - Av. Duque de Ávila / Rua Pinheiro Chagas,B,4,19,0.21,active,2023-01-20 04:40:04,"-9.151, 38.735, -9.151, 38.735",4,2023-01-20,-9.151,38.735
407,407,407 - Praça Duque de Saldanha,A,2,17,0.12,active,2023-01-20 04:40:08,"-9.14446, 38.73434, -9.14446, 38.73434",4,2023-01-20,-9.14446,38.73434
403,403,403 - Av. Fontes Pereira de Melo,B,2,20,0.1,active,2023-01-20 04:40:10,"-9.146522, 38.731698, -9.146522, 38.731698",4,2023-01-20,-9.146522,38.731698
305,305,305 - Avenida da Liberdade / Rua Barata Salgueiro,A,3,16,0.19,active,2023-01-20 04:40:12,"-9.147, 38.72228, -9.147, 38.72228",4,2023-01-20,-9.147,38.72228
206,206,206 - Av. Brasília / Doca de Alcântara,A,9,22,0.41,active,2023-01-20 04:40:19,"-9.17502, 38.70141, -9.17502, 38.70141",4,2023-01-20,-9.17502,38.70141
431,431,431 - Rua do Arco Cego / Av. Magalhães Lima,B,5,14,0.36,active,2023-01-20 04:40:04,"-9.14199, 38.73937, -9.14199, 38.73937",4,2023-01-20,-9.14199,38.73937
420,420,420 - Av. Rovisco Pais / Av. Manuel da Maia,B,17,26,0.65,active,2023-01-20 04:40:11,"-9.13672, 38.73617, -9.13672, 38.73617",4,2023-01-20,-9.13672,38.73617
487,487,487 - Rua Professor João Barreira,B,8,14,0.57,active,2023-01-20 04:40:12,"-9.17096, 38.76136, -9.17096, 38.76136",4,2023-01-20,-9.17096,38.76136
225,225,225 - Martim Moniz,A,9,16,0.56,active,2023-01-20 04:40:14,"-9.13694, 38.71526, -9.13694, 38.71526",4,2023-01-20,-9.13694,38.71526
213,213,213 - Av. Infante Dom Henrique / Santa Apolónia,A,15,32,0.47,active,2023-01-20 04:40:19,"-9.122548, 38.713416, -9.122548, 38.713416",4,2023-01-20,-9.122548,38.713416
412,412,412 - Av. Ressano Garcia / Av. António Augusto de Aguiar,B,2,16,0.13,active,2023-01-20 04:40:04,"-9.1546, 38.73448, -9.1546, 38.73448",4,2023-01-20,-9.1546,38.73448
484,484,484 - Rua Professor Vieira de Almeida,A,14,22,0.64,active,2023-01-20 04:40:11,"-9.16658, 38.76081, -9.16658, 38.76081",4,2023-01-20,-9.16658,38.76081
307,307,307 - Marquês de Pombal,A,0,33,0.0,active,2023-01-20 04:40:13,"-9.149334, 38.724954, -9.149334, 38.724954",4,2023-01-20,-9.149334,38.724954
462,462,462 - Campo Grande / Biblioteca Nacional,B,8,29,0.28,active,2023-01-20 04:40:16,"-9.15031, 38.75027, -9.15031, 38.75027",4,2023-01-20,-9.15031,38.75027
475,475,475 - Av. Professor Gama Pinto / Cantina Velha,B,11,41,0.27,active,2023-01-20 04:40:19,"-9.15907, 38.75115, -9.15907, 38.75115",4,2023-01-20,-9.15907,38.75115
442,442,442 - Campo Pequeno,A,7,16,0.44,active,2023-01-20 04:40:05,"-9.14523, 38.743371, -9.14523, 38.743371",4,2023-01-20,-9.14523,38.743371
485,485,485 - Rua Tomás da Fonseca / Rua António Albino Machado,B,8,10,0.8,active,2023-01-20 04:40:11,"-9.17, 38.756, -9.17, 38.756",4,2023-01-20,-9.17,38.756
224,224,224 - Martim Moniz,A,11,22,0.5,active,2023-01-20 04:40:14,"-9.13651, 38.71498, -9.13651, 38.71498",4,2023-01-20,-9.13651,38.71498
483,483,483 - Rua Professor Francisco Lucas Pires ,B,3,15,0.2,active,2023-01-20 04:40:16,"-9.16405, 38.75939, -9.16405, 38.75939",4,2023-01-20,-9.16405,38.75939
479,479,479 - Rua Professor Oliveira Marques,B,2,13,0.15,active,2023-01-20 04:40:20,"-9.15724, 38.75491, -9.15724, 38.75491",4,2023-01-20,-9.15724,38.75491
430,430,430 - Av. Barbosa Du Bocage / Rua Arco do Cego,B,3,20,0.15,active,2023-01-20 04:40:05,"-9.14329, 38.74081, -9.14329, 38.74081",4,2023-01-20,-9.14329,38.74081
309,309,309 - Rua da Palma,B,7,10,0.7,active,2023-01-20 04:40:11,"-9.13577, 38.71901, -9.13577, 38.71901",4,2023-01-20,-9.13577,38.71901
432,432,432 - Praça de Londres,B,7,10,0.7,active,2023-01-20 04:40:15,"-9.1377, 38.7407, -9.1377, 38.7407",4,2023-01-20,-9.1377,38.7407
433,433,433 - Av. Paris / Av. Almirante Reis,B,10,14,0.71,active,2023-01-20 04:40:17,"-9.13409, 38.74095, -9.13409, 38.74095",4,2023-01-20,-9.13409,38.74095
476,476,476 - Av. Professor Gama Pinto / Reitoria,B,10,23,0.43,active,2023-01-20 04:40:20,"-9.15885, 38.75231, -9.15885, 38.75231",4,2023-01-20,-9.15885,38.75231
426,426,426 - Av. Elias Garcia / Av. 5 de Outubro,B,3,14,0.21,active,2023-01-20 04:40:05,"-9.14793, 38.739046, -9.14793, 38.739046",4,2023-01-20,-9.14793,38.739046
304,304,304 - Avenida da Liberdade / São Jorge,A,4,16,0.25,active,2023-01-20 04:40:12,"-9.14637, 38.72026, -9.14637, 38.72026",4,2023-01-20,-9.14637,38.72026
401,401,401 - Rua Martens Ferrão / Av. Fontes Pereira de Melo,B,4,16,0.25,active,2023-01-20 04:40:16,"-9.14742, 38.72894, -9.14742, 38.72894",4,2023-01-20,-9.14742,38.72894
301,301,301 - Avenida da Liberdade / Restauradores,A,2,21,0.1,active,2023-01-20 04:40:17,"-9.14242, 38.71702, -9.14242, 38.71702",4,2023-01-20,-9.14242,38.71702
478,478,478 - Alameda da Universidade / Faculdade de Letras,B,8,32,0.25,active,2023-01-20 04:40:20,"-9.15717, 38.75359, -9.15717, 38.75359",4,2023-01-20,-9.15717,38.75359
449,449,449 - Av. 5 de Outubro / Rua da Cruz Vermelha,B,5,14,0.36,active,2023-01-20 04:40:05,"-9.150085, 38.746836, -9.150085, 38.746836",4,2023-01-20,-9.150085,38.746836
488,488,488 - Rua Fernando Namora / Rua António Quadros,B,13,20,0.65,active,2023-01-20 04:40:13,"-9.17526, 38.76014, -9.17526, 38.76014",4,2023-01-20,-9.17526,38.76014
208,208,208 - Cais das Pombas,A,3,22,0.14,active,2023-01-20 04:40:16,"-9.14373, 38.70523, -9.14373, 38.70523",4,2023-01-20,-9.14373,38.70523
112,112,112 - Alameda dos Oceanos / Passeio das Garças,B,12,14,0.86,active,2023-01-20 04:40:18,"-9.09622, 38.78069, -9.09622, 38.78069",4,2023-01-20,-9.09622,38.78069
134,134,134 - Praça Cidade do Luso,A,7,20,0.35,active,2023-01-20 04:40:21,"-9.116342, 38.765588, -9.116342, 38.765588",4,2023-01-20,-9.116342,38.765588
481,481,481 - Campo Grande / Museu da Cidade,B,4,20,0.2,active,2023-01-20 04:40:03,"-9.156169, 38.758207, -9.156169, 38.758207",4,2023-01-20,-9.156169,38.758207
450,450,450 - Rua Alfredo Cortês,B,9,10,0.9,active,2023-01-20 04:40:06,"-9.14399, 38.74626, -9.14399, 38.74626",4,2023-01-20,-9.14399,38.74626
218,218,218 - Cais do Sodré,A,3,22,0.14,active,2023-01-20 04:40:15,"-9.14471, 38.70617, -9.14471, 38.70617",4,2023-01-20,-9.14471,38.70617
113,113,113 - Alameda dos Oceanos/ Passeio do Levante,B,12,14,0.86,active,2023-01-20 04:40:17,"-9.09825, 38.78414, -9.09825, 38.78414",4,2023-01-20,-9.09825,38.78414
480,480,480 - Faculdade de Ciências,B,4,25,0.16,active,2023-01-20 04:40:20,"-9.15503, 38.75587, -9.15503, 38.75587",4,2023-01-20,-9.15503,38.75587
131,131,131 - Avenida de Berlim / Praça Baden Powell,A,8,21,0.38,active,2023-01-20 04:40:22,"-9.110767, 38.768137, -9.110767, 38.768137",4,2023-01-20,-9.110767,38.768137
460,460,460 - Av. Rio de Janeiro / Parque de Jogos 1º de Maio,B,6,15,0.4,active,2023-01-20 04:40:06,"-9.13749, 38.75176, -9.13749, 38.75176",4,2023-01-20,-9.13749,38.75176
222,222,222 - Praça da Figueira,A,16,30,0.53,active,2023-01-20 04:40:18,"-9.13828, 38.71383, -9.13828, 38.71383",4,2023-01-20,-9.13828,38.71383
550,550,550 - Rua Fernando Curado Ribeiro / Alameda das Li,A,6,20,0.3,active,2023-01-20 04:40:22,"-9.156487, 38.760871, -9.156487, 38.760871",4,2023-01-20,-9.156487,38.760871
556,556,556 - Alamedas das Linhas de Torres / Estrada da T,A,11,11,1.0,active,2023-01-20 04:40:22,"-9.161462, 38.773489, -9.161462, 38.773489",4,2023-01-20,-9.161462,38.773489
472,472,472 - Rua Marquês Soveral / ES Padre António Vieira,B,5,14,0.36,active,2023-01-20 04:40:06,"-9.13608, 38.75784, -9.13608, 38.75784",4,2023-01-20,-9.13608,38.75784
133,133,133 - Rua Cidade de Benguela / Avenida Cidade de L,A,1,18,0.06,active,2023-01-20 04:40:22,"-9.110724, 38.76503, -9.110724, 38.76503",4,2023-01-20,-9.110724,38.76503
551,551,551 - Rua Francisco Stromp / Alameda das Linhas de,A,13,20,0.65,active,2023-01-20 04:40:23,"-9.157235, 38.762584, -9.157235, 38.762584",4,2023-01-20,-9.157235,38.762584
364,364,364 -Rua D.francisco M. de melo / Rua artilharia 1,A,2,14,0.14,active,2023-01-20 04:40:29,"-9.159369, 38.728263, -9.159369, 38.728263",4,2023-01-20,-9.159369,38.728263
415,415,415 - Av. Duque de Ávila / Av. Conde Valbom,B,3,20,0.15,active,2023-01-20 04:40:06,"-9.148443, 38.735188, -9.148443, 38.735188",4,2023-01-20,-9.148443,38.735188
552,552,552 - Alameda das Linhas de Torres / Hospital Puli,A,12,12,1.0,active,2023-01-20 04:40:22,"-9.157335, 38.766075, -9.157335, 38.766075",4,2023-01-20,-9.157335,38.766075
137,137,137 - Rua Cidade de Bissau (entrada SPACIO),A,5,33,0.15,active,2023-01-20 04:40:24,"-9.114505, 38.762829, -9.114505, 38.762829",4,2023-01-20,-9.114505,38.762829
363,363,363 - Rua de campolide / Rua marques da fronteira,A,7,14,0.5,active,2023-01-20 04:40:29,"-9.162216, 38.727094, -9.162216, 38.727094",4,2023-01-20,-9.162216,38.727094
413,413,413 - Av. Ressano Garcia / Av. António Augusto de Aguiar,B,4,10,0.4,active,2023-01-20 04:40:07,"-9.15425, 38.73432, -9.15425, 38.73432",4,2023-01-20,-9.15425,38.73432
226,226,226 - Rua dos Fanqueiros,A,9,13,0.69,active,2023-01-20 04:40:24,"-9.136456, 38.711888, -9.136456, 38.711888",4,2023-01-20,-9.136456,38.711888
130,130,130 - Avenida Berlim / Rua Américo Jesus Fernandes,A,4,20,0.2,active,2023-01-20 04:40:26,"-9.106858, 38.767761, -9.106858, 38.767761",4,2023-01-20,-9.106858,38.767761
509,509,509 - Centro Comercial Fonte Nova,A,10,17,0.59,active,2023-01-20 04:40:30,"-9.190007, 38.748901, -9.190007, 38.748901",4,2023-01-20,-9.190007,38.748901
473,473,473 - Av. do Brasil / Av. de Roma,B,9,14,0.64,active,2023-01-20 04:40:07,"-9.14697, 38.75643, -9.14697, 38.75643",4,2023-01-20,-9.14697,38.75643
139,139,139 - Rua Cidade de Bissau (Metro Olivais),A,5,25,0.2,active,2023-01-20 04:40:24,"-9.111596, 38.76134, -9.111596, 38.76134",4,2023-01-20,-9.111596,38.76134
520,520,520 - Lispolis,A,5,23,0.22,active,2023-01-20 04:40:30,"-9.182513, 38.766995, -9.182513, 38.766995",4,2023-01-20,-9.182513,38.766995
436,436,436 - Instituto Português de Oncologia,A,10,17,0.59,active,2023-01-20 04:40:31,"-9.162447, 38.739395, -9.162447, 38.739395",4,2023-01-20,-9.162447,38.739395
423,423,423 - Av. Conde Valbom / Rua Marquês Sá da Bandeira,B,5,10,0.5,active,2023-01-20 04:40:08,"-9.152295, 38.737911, -9.152295, 38.737911",4,2023-01-20,-9.152295,38.737911
446,446,446 - Av. República / Interface Entrecampos ,A,20,40,0.5,active,2023-01-20 04:40:09,"-9.14773, 38.74456, -9.14773, 38.74456",4,2023-01-20,-9.14773,38.74456
311,311,311 - Avenida Almirante Reis Nº14,A,10,11,0.91,active,2023-01-20 04:40:24,"-9.135295, 38.721721, -9.135295, 38.721721",4,2023-01-20,-9.135295,38.721721
435,435,435 - Interface de Sete Rios,A,12,43,0.28,active,2023-01-20 04:40:31,"-9.166955, 38.740579, -9.166955, 38.740579",4,2023-01-20,-9.166955,38.740579
474,474,474 - Av. do Brasil / Av. Rio de Janeiro,A,9,15,0.6,active,2023-01-20 04:40:08,"-9.1409, 38.75832, -9.1409, 38.75832",4,2023-01-20,-9.1409,38.75832
406,406,406 - Praça Duque de Saldanha,A,2,17,0.12,active,2023-01-20 04:40:09,"-9.145341, 38.734247, -9.145341, 38.734247",4,2023-01-20,-9.145341,38.734247
203,203,203 - Padrão dos Descobrimentos,A,5,22,0.23,active,2023-01-20 04:40:19,"-9.20633, 38.6935, -9.20633, 38.6935",4,2023-01-20,-9.20633,38.6935
132,132,132 - Avenida de Berlim / Rua Cidade de Cabinda,A,5,25,0.2,active,2023-01-20 04:40:21,"-9.11255, 38.76829, -9.11255, 38.76829",4,2023-01-20,-9.11255,38.76829
151,151,151 - Rua Contra Almirante Ferraz / Escola Sec.António Damásio,A,13,24,0.54,active,2023-01-20 04:40:26,"-9.108728, 38.770434, -9.108728, 38.770434",4,2023-01-20,-9.108728,38.770434
361,361,361 - Amoreiras Shopping Center,A,3,31,0.1,active,2023-01-20 04:40:27,"-9.160992, 38.72392, -9.160992, 38.72392",4,2023-01-20,-9.160992,38.72392
513,513,513 - Rua Guiomar Torresão/Metro de Carnide,A,0,20,0.0,repair,2023-01-20 04:40:31,"-9.19216, 38.758691, -9.19216, 38.758691",4,2023-01-20,-9.19216,38.758691
428,428,428 - Av. República / Avenida Barbosa Du Bocage,A,0,12,0.0,active,2023-01-20 04:40:09,"-9.14684, 38.74047, -9.14684, 38.74047",4,2023-01-20,-9.14684,38.74047
461,461,461 - Rua Professora Teresa Ambrósio,B,4,32,0.13,active,2023-01-20 04:40:20,"-9.155564, 38.749141, -9.155564, 38.749141",4,2023-01-20,-9.155564,38.749141
150,150,150 - Avenida Dr. Francisco Luis Gomes / Go Fit,A,5,17,0.29,active,2023-01-20 04:40:21,"-9.111745, 38.769665, -9.111745, 38.769665",4,2023-01-20,-9.111745,38.769665
366,366,366 - Palacio da justiça,A,0,30,0.0,active,2023-01-20 04:40:26,"-9.156435, 38.731134, -9.156435, 38.731134",4,2023-01-20,-9.156435,38.731134
238,238,238 - Rua de Cascais / Alcântara Mar,A,15,23,0.65,active,2023-01-20 04:40:29,"-9.175234, 38.702936, -9.175234, 38.702936",4,2023-01-20,-9.175234,38.702936
521,521,521 - Rua César de Oliveira / Rua Fernando Lopes Graça,A,7,22,0.32,active,2023-01-20 04:40:30,"-9.17386, 38.769044, -9.17386, 38.769044",4,2023-01-20,-9.17386,38.769044
427,427,427 - Av. República / Av. Visconde Valmor,A,3,12,0.25,active,2023-01-20 04:40:09,"-9.14617, 38.73812, -9.14617, 38.73812",4,2023-01-20,-9.14617,38.73812
477,477,477 - Alameda da Universidade / Faculdade de Direito,B,3,24,0.13,active,2023-01-20 04:40:21,"-9.15671, 38.75264, -9.15671, 38.75264",4,2023-01-20,-9.15671,38.75264
313,313,313 - Rua Frei Francisco Foreiro / Rua de Arroios,A,7,14,0.5,active,2023-01-20 04:40:25,"-9.135956, 38.728049, -9.135956, 38.728049",4,2023-01-20,-9.135956,38.728049
310,310,310 - Rua Pina Manique / Largo do Intendente ,A,14,17,0.82,active,2023-01-20 04:40:27,"-9.134847, 38.720733, -9.134847, 38.720733",4,2023-01-20,-9.134847,38.720733
471,471,471 - Rua Lopes de Mendonça / EB São João de Brito,B,6,10,0.6,active,2023-01-20 04:40:10,"-9.137337, 38.756487, -9.137337, 38.756487",4,2023-01-20,-9.137337,38.756487
554,554,554 - Alameda das Linhas de Torres / Rua Ladislau,A,18,27,0.67,active,2023-01-20 04:40:23,"-9.158298, 38.768683, -9.158298, 38.768683",4,2023-01-20,-9.158298,38.768683
314,314,314 - Rua Marques da Silva / Rua António Pedro,A,5,12,0.42,active,2023-01-20 04:40:25,"-9.135675, 38.729657, -9.135675, 38.729657",4,2023-01-20,-9.135675,38.729657
312,312,312 - Rua Álvaro Coutinho / Avenida Almirante Reis,A,17,18,0.94,active,2023-01-20 04:40:27,"-9.134802, 38.724869, -9.134802, 38.724869",4,2023-01-20,-9.134802,38.724869
519,519,519 - Rua Prof. Pulido Valente / Rua Prof. Mário ,A,7,25,0.28,active,2023-01-20 04:40:29,"-9.1691, 38.763204, -9.1691, 38.763204",4,2023-01-20,-9.1691,38.763204
209,209,209 - Ribeira das Naus,A,0,27,0.0,repair,2023-01-20 04:40:32,"-9.141466, 38.705954, -9.141466, 38.705954",4,2023-01-20,-9.141466,38.705954
115,115,115 - Passeio dos Heróis do Mar / Rua Capitão Cook,A,27,29,0.93,active,2023-01-20 04:40:10,"-9.09781, 38.793, -9.09781, 38.793",4,2023-01-20,-9.09781,38.793
135,135,135 - Avenida Cidade de Lourenço Marques / Vale do,A,13,20,0.65,active,2023-01-20 04:40:23,"-9.118689, 38.764067, -9.118689, 38.764067",4,2023-01-20,-9.118689,38.764067
315,315,315 - Rua Passos Manuel/ Jardim Constantino,A,19,20,0.95,active,2023-01-20 04:40:25,"-9.136968, 38.731264, -9.136968, 38.731264",4,2023-01-20,-9.136968,38.731264
553,553,553 - Rua Luis Pastor de Macedo / Rua Tobis Portuguesa,A,2,12,0.17,active,2023-01-20 04:40:27,"-9.15535, 38.767114, -9.15535, 38.767114",4,2023-01-20,-9.15535,38.767114
352,352,352 - Rua Tomás da Anunciação / Rua Almeida e S.,A,13,17,0.76,active,2023-01-20 04:40:30,"-9.165653, 38.717313, -9.165653, 38.717313",4,2023-01-20,-9.165653,38.717313
421,421,421 - Alameda D. Afonso Henriques,A,17,20,0.85,active,2023-01-20 04:40:10,"-9.13416, 38.73736, -9.13416, 38.73736",4,2023-01-20,-9.13416,38.73736
223,223,223 - Praça do Rossio,A,12,21,0.57,active,2023-01-20 04:40:23,"-9.138952, 38.713112, -9.138952, 38.713112",4,2023-01-20,-9.138952,38.713112
316,316,316 - Rua António Pedro / Rua Pascoal de Melo,A,14,14,1.0,active,2023-01-20 04:40:25,"-9.135356, 38.731424, -9.135356, 38.731424",4,2023-01-20,-9.135356,38.731424
507,507,507 - Rua José dos Santos Pereira / Rua Conde de Almoster,A,12,17,0.71,active,2023-01-20 04:40:30,"-9.193024, 38.744727, -9.193024, 38.744727",4,2023-01-20,-9.193024,38.744727
237,237,237 - Avenida da India / Praca das Industrias,A,11,30,0.37,active,2023-01-20 04:40:31,"-9.182262, 38.699093, -9.182262, 38.699093",4,2023-01-20,-9.182262,38.699093
306,306,306 - Avenida da Liberdade / Rua Alexandre Herculano,A,4,16,0.25,active,2023-01-20 04:40:12,"-9.14854, 38.72281, -9.14854, 38.72281",4,2023-01-20,-9.14854,38.72281
220,220,220 - Rua do Comercio,A,13,20,0.65,active,2023-01-20 04:40:24,"-9.137125, 38.70878, -9.137125, 38.70878",4,2023-01-20,-9.137125,38.70878
555,555,555 - Alameda das Linhas de Torres,A,26,33,0.79,active,2023-01-20 04:40:26,"-9.160248, 38.770657, -9.160248, 38.770657",4,2023-01-20,-9.160248,38.770657
232,232,232 - Avenida da Índia / Centro de Arqueologia de Lisboa,A,0,22,0.0,repair,2023-01-20 04:40:31,"-9.212149, 38.694155, -9.212149, 38.694155",4,2023-01-20,-9.212149,38.694155
486,486,486 - Rua Hermano Neves / Rua José Escada,B,2,14,0.14,active,2023-01-20 04:40:13,"-9.16985, 38.75954, -9.16985, 38.75954",4,2023-01-20,-9.16985,38.75954
221,221,221 - Rua do Crucifixo / Rua São Nicolau,A,8,15,0.53,active,2023-01-20 04:40:26,"-9.138828, 38.710191, -9.138828, 38.710191",4,2023-01-20,-9.138828,38.710191
362,362,362 - Avenida Eng. Duarte Pacheco,A,7,40,0.18,active,2023-01-20 04:40:27,"-9.159469, 38.72437, -9.159469, 38.72437",4,2023-01-20,-9.159469,38.72437
235,235,235 - Avenida da India / Travessa da Galeotas,A,0,30,0.0,repair,2023-01-20 04:40:31,"-9.192735, 38.697187, -9.192735, 38.697187",4,2023-01-20,-9.192735,38.697187
308,308,308 - Marquês de Pombal,A,1,11,0.09,active,2023-01-20 04:40:13,"-9.14969, 38.7246, -9.14969, 38.7246",4,2023-01-20,-9.14969,38.7246
365,365,365 - Rua Castilho / Rua Marquês da Fronteira,A,2,30,0.07,active,2023-01-20 04:40:28,"-9.157531, 38.729724, -9.157531, 38.729724",4,2023-01-20,-9.157531,38.729724
443,443,443 - Av. de Roma / Fórum Lisboa,B,11,14,0.79,active,2023-01-20 04:40:13,"-9.13866, 38.74351, -9.13866, 38.74351",4,2023-01-20,-9.13866,38.74351
508,508,508 - Estação de Comboios de Benfica,A,15,23,0.65,active,2023-01-20 04:40:28,"-9.200039, 38.74473, -9.200039, 38.74473",4,2023-01-20,-9.200039,38.74473
114,114,114 - Via do Oriente,B,10,10,1.0,active,2023-01-20 04:40:14,"-9.09974, 38.78836, -9.09974, 38.78836",4,2023-01-20,-9.09974,38.78836
510,510,510 - Largo da Revista Militar / Avenida do Colégio Militar,A,7,17,0.41,active,2023-01-20 04:40:28,"-9.189058, 38.752892, -9.189058, 38.752892",4,2023-01-20,-9.189058,38.752892
419,419,419 - Av. António José de Almeida / Instituto Superior Técnico,B,3,25,0.12,active,2023-01-20 04:40:14,"-9.13956, 38.73811, -9.13956, 38.73811",4,2023-01-20,-9.13956,38.73811
517,517,517 - Rua Padre Américo,A,9,19,0.47,active,2023-01-20 04:40:28,"-9.180437, 38.763505, -9.180437, 38.763505",4,2023-01-20,-9.180437,38.763505
212,212,212 - Av. Infante Dom Henrique / Terminal de Cruzeiros,B,9,20,0.45,active,2023-01-20 04:40:14,"-9.12769, 38.71035, -9.12769, 38.71035",4,2023-01-20,-9.12769,38.71035
506,506,506 - Rua Tenente Coronel Reibeiro dos Reis/Rua Conde de Almoster,A,0,17,0.0,repair,2023-01-20 04:40:32,"-9.190028, 38.745181, -9.190028, 38.745181",4,2023-01-20,-9.190028,38.745181
490,490,490 - Rua Fernando Namora / Azinhaga da Torre do Fato,A,6,16,0.38,active,2023-01-20 04:40:15,"-9.17849, 38.76026, -9.17849, 38.76026",4,2023-01-20,-9.17849,38.76026
214,214,214 - Largo de Santos,A,9,24,0.38,active,2023-01-20 04:40:16,"-9.15424, 38.70673, -9.15424, 38.70673",4,2023-01-20,-9.15424,38.70673
410,410,410 - Rua da Mesquita / Universidade Nova de Lisboa,B,12,40,0.3,active,2023-01-20 04:40:17,"-9.16015, 38.73492, -9.16015, 38.73492",4,2023-01-20,-9.16015,38.73492
456,456,456 - Entrecampos / Av. das Forças Armadas,A,14,41,0.34,active,2023-01-20 04:40:18,"-9.14872, 38.74877, -9.14872, 38.74877",4,2023-01-20,-9.14872,38.74877
