id_expl,id_planeamento,desig_comercial,tipo_servico_niveis,num_bicicletas,num_docas,racio,estado,update_date,bbox,update_date_hour,update_date_only,longitude,latitude
210,210,238 - Rua de Cascais / Alcântara Mar,A,0,0,0.0,repair,2022-04-07 11:56:26,"-9.175234, 38.702936, -9.175234, 38.702936",11,2022-04-07,-9.175234,38.702936
450,450,450 - Rua Alfredo Cortês,B,1,10,0.1,active,2022-12-05 10:20:51,"-9.14399, 38.74626, -9.14399, 38.74626",10,2022-12-05,-9.14399,38.74626
442,442,442 - Campo Pequeno,A,1,16,0.06,active,2022-12-05 10:20:50,"-9.14523, 38.743371, -9.14523, 38.743371",10,2022-12-05,-9.14523,38.743371
109,109,109 - Alameda dos Oceanos / Rua Ilha dos Amores,B,2,14,0.14,active,2022-12-05 10:20:47,"-9.094672, 38.777589, -9.094672, 38.777589",10,2022-12-05,-9.094672,38.777589
430,430,430 - Av. Barbosa Du Bocage / Rua Arco do Cego,B,7,20,0.35,active,2022-12-05 10:20:50,"-9.14329, 38.74081, -9.14329, 38.74081",10,2022-12-05,-9.14329,38.74081
403,403,403 - Av. Fontes Pereira de Melo,B,13,20,0.65,active,2022-12-05 10:20:55,"-9.146522, 38.731698, -9.146522, 38.731698",10,2022-12-05,-9.146522,38.731698
421,421,421 - Alameda D. Afonso Henriques,A,5,20,0.25,active,2022-12-05 10:20:56,"-9.13416, 38.73736, -9.13416, 38.73736",10,2022-12-05,-9.13416,38.73736
486,486,486 - Rua Hermano Neves / Rua José Escada,B,3,14,0.21,active,2022-12-05 10:20:58,"-9.16985, 38.75954, -9.16985, 38.75954",10,2022-12-05,-9.16985,38.75954
224,224,224 - Martim Moniz,A,3,22,0.14,active,2022-12-05 10:20:59,"-9.13651, 38.71498, -9.13651, 38.71498",10,2022-12-05,-9.13651,38.71498
456,456,456 - Entrecampos / Av. das Forças Armadas,A,14,41,0.34,active,2022-12-05 10:21:03,"-9.14872, 38.74877, -9.14872, 38.74877",10,2022-12-05,-9.14872,38.74877
223,223,223 - Praça do Rossio,A,7,21,0.33,active,2022-12-05 10:21:10,"-9.138952, 38.713112, -9.138952, 38.713112",10,2022-12-05,-9.138952,38.713112
110,110,110 - Rua de Moscavide,B,1,18,0.06,active,2022-12-05 10:20:48,"-9.097068, 38.778466, -9.097068, 38.778466",10,2022-12-05,-9.097068,38.778466
474,474,474 - Av. do Brasil / Av. Rio de Janeiro,A,13,15,0.87,active,2022-12-05 10:20:53,"-9.1409, 38.75832, -9.1409, 38.75832",10,2022-12-05,-9.1409,38.75832
416,416,416 - Av. República / Avenida Duque de Ávila,A,15,17,0.88,active,2022-12-05 10:20:55,"-9.14553, 38.735304, -9.14553, 38.735304",10,2022-12-05,-9.14553,38.735304
420,420,420 - Av. Rovisco Pais / Av. Manuel da Maia,B,19,26,0.73,active,2022-12-05 10:20:56,"-9.13672, 38.73617, -9.13672, 38.73617",10,2022-12-05,-9.13672,38.73617
488,488,488 - Rua Fernando Namora / Rua António Quadros,B,2,20,0.1,active,2022-12-05 10:20:58,"-9.17526, 38.76014, -9.17526, 38.76014",10,2022-12-05,-9.17526,38.76014
225,225,225 - Martim Moniz,A,1,16,0.06,active,2022-12-05 10:20:59,"-9.13694, 38.71526, -9.13694, 38.71526",10,2022-12-05,-9.13694,38.71526
215,215,215 - Av. 24 de Julho,B,10,17,0.59,active,2022-12-05 10:21:04,"-9.14949, 38.70662, -9.14949, 38.70662",10,2022-12-05,-9.14949,38.70662
220,220,220 - Rua do Comercio,A,11,20,0.55,active,2022-12-05 10:21:10,"-9.137125, 38.70878, -9.137125, 38.70878",10,2022-12-05,-9.137125,38.70878
452,452,452 - Rua Teixeira de Pascoais / Rua Dr. Gama Barros,B,2,10,0.2,active,2022-12-05 10:20:48,"-9.136681, 38.747751, -9.136681, 38.747751",10,2022-12-05,-9.136681,38.747751
463,463,463 - Campo Grande / Av. da Igreja,B,1,10,0.1,active,2022-12-05 10:20:53,"-9.14951, 38.75243, -9.14951, 38.75243",10,2022-12-05,-9.14951,38.75243
471,471,471 - Rua Lopes de Mendonça / EB São João de Brito,B,2,10,0.2,active,2022-12-05 10:20:55,"-9.137337, 38.756487, -9.137337, 38.756487",10,2022-12-05,-9.137337,38.756487
484,484,484 - Rua Professor Vieira de Almeida,A,10,22,0.45,active,2022-12-05 10:20:56,"-9.16658, 38.76081, -9.16658, 38.76081",10,2022-12-05,-9.16658,38.76081
307,307,307 - Marquês de Pombal,A,13,33,0.39,active,2022-12-05 10:20:58,"-9.149334, 38.724954, -9.149334, 38.724954",10,2022-12-05,-9.149334,38.724954
419,419,419 - Av. António José de Almeida / Instituto Superior Técnico,B,22,25,0.88,active,2022-12-05 10:21:00,"-9.13956, 38.73811, -9.13956, 38.73811",10,2022-12-05,-9.13956,38.73811
222,222,222 - Praça da Figueira,A,11,30,0.37,active,2022-12-05 10:21:04,"-9.13828, 38.71383, -9.13828, 38.71383",10,2022-12-05,-9.13828,38.71383
226,226,226 - Rua dos Fanqueiros,A,6,13,0.46,active,2022-12-05 10:21:10,"-9.136456, 38.711888, -9.136456, 38.711888",10,2022-12-05,-9.136456,38.711888
457,457,457 - Rua Aboim Ascensão,B,4,10,0.4,active,2022-12-05 10:20:48,"-9.14722, 38.74975, -9.14722, 38.74975",10,2022-12-05,-9.14722,38.74975
407,407,407 - Praça Duque de Saldanha,A,17,17,1.0,active,2022-12-05 10:20:53,"-9.14446, 38.73434, -9.14446, 38.73434",10,2022-12-05,-9.14446,38.73434
115,115,115 - Passeio dos Heróis do Mar / Rua Capitão Cook,A,17,29,0.59,active,2022-12-05 10:20:55,"-9.09781, 38.793, -9.09781, 38.793",10,2022-12-05,-9.09781,38.793
485,485,485 - Rua Tomás da Fonseca / Rua António Albino Machado,B,1,10,0.1,active,2022-12-05 10:20:56,"-9.17, 38.756, -9.17, 38.756",10,2022-12-05,-9.17,38.756
308,308,308 - Marquês de Pombal,A,4,11,0.36,active,2022-12-05 10:20:59,"-9.14969, 38.7246, -9.14969, 38.7246",10,2022-12-05,-9.14969,38.7246
212,212,212 - Av. Infante Dom Henrique / Terminal de Cruzeiros,B,7,20,0.35,active,2022-12-05 10:21:00,"-9.12769, 38.71035, -9.12769, 38.71035",10,2022-12-05,-9.12769,38.71035
205,205,205 - Av. Brasília / Cordoaria,B,9,10,0.9,active,2022-12-05 10:21:04,"-9.188, 38.697, -9.188, 38.697",10,2022-12-05,-9.188,38.697
137,137,137 - Rua Cidade de Bissau (entrada SPACIO),A,2,33,0.06,active,2022-12-05 10:21:10,"-9.114505, 38.762829, -9.114505, 38.762829",10,2022-12-05,-9.114505,38.762829
481,481,481 - Campo Grande / Museu da Cidade,B,5,20,0.25,active,2022-12-05 10:20:48,"-9.156169, 38.758207, -9.156169, 38.758207",10,2022-12-05,-9.156169,38.758207
309,309,309 - Rua da Palma,B,5,10,0.5,active,2022-12-05 10:20:57,"-9.13577, 38.71901, -9.13577, 38.71901",10,2022-12-05,-9.13577,38.71901
306,306,306 - Avenida da Liberdade / Rua Alexandre Herculano,A,9,16,0.56,active,2022-12-05 10:20:57,"-9.14854, 38.72281, -9.14854, 38.72281",10,2022-12-05,-9.14854,38.72281
443,443,443 - Av. de Roma / Fórum Lisboa,B,2,14,0.14,active,2022-12-05 10:20:59,"-9.13866, 38.74351, -9.13866, 38.74351",10,2022-12-05,-9.13866,38.74351
114,114,114 - Via do Oriente,B,2,10,0.2,active,2022-12-05 10:20:59,"-9.09974, 38.78836, -9.09974, 38.78836",10,2022-12-05,-9.09974,38.78836
432,432,432 - Praça de Londres,B,1,10,0.1,active,2022-12-05 10:21:00,"-9.1377, 38.7407, -9.1377, 38.7407",10,2022-12-05,-9.1377,38.7407
203,203,203 - Padrão dos Descobrimentos,A,6,22,0.27,active,2022-12-05 10:21:04,"-9.20633, 38.6935, -9.20633, 38.6935",10,2022-12-05,-9.20633,38.6935
139,139,139 - Rua Cidade de Bissau (Metro Olivais),A,3,25,0.12,active,2022-12-05 10:21:10,"-9.111596, 38.76134, -9.111596, 38.76134",10,2022-12-05,-9.111596,38.76134
464,464,464 - Av. da Igreja / Rua Afonso Lopes Vieira,B,3,14,0.21,active,2022-12-05 10:20:49,"-9.148427, 38.75165, -9.148427, 38.75165",10,2022-12-05,-9.148427,38.75165
487,487,487 - Rua Professor João Barreira,B,2,14,0.14,active,2022-12-05 10:20:58,"-9.17096, 38.76136, -9.17096, 38.76136",10,2022-12-05,-9.17096,38.76136
490,490,490 - Rua Fernando Namora / Azinhaga da Torre do Fato,A,2,16,0.13,active,2022-12-05 10:21:00,"-9.17849, 38.76026, -9.17849, 38.76026",10,2022-12-05,-9.17849,38.76026
218,218,218 - Cais do Sodré,A,1,22,0.05,active,2022-12-05 10:21:01,"-9.14471, 38.70617, -9.14471, 38.70617",10,2022-12-05,-9.14471,38.70617
401,401,401 - Rua Martens Ferrão / Av. Fontes Pereira de Melo,B,11,16,0.69,active,2022-12-05 10:21:01,"-9.14742, 38.72894, -9.14742, 38.72894",10,2022-12-05,-9.14742,38.72894
410,410,410 - Rua da Mesquita / Universidade Nova de Lisboa,B,23,40,0.58,active,2022-12-05 10:21:02,"-9.16015, 38.73492, -9.16015, 38.73492",10,2022-12-05,-9.16015,38.73492
311,311,311 - Avenida Almirante Reis Nº14,A,0,11,0.0,active,2022-12-05 10:21:11,"-9.135295, 38.721721, -9.135295, 38.721721",10,2022-12-05,-9.135295,38.721721
426,426,426 - Av. Elias Garcia / Av. 5 de Outubro,B,8,14,0.57,active,2022-12-05 10:20:50,"-9.14793, 38.739046, -9.14793, 38.739046",10,2022-12-05,-9.14793,38.739046
214,214,214 - Largo de Santos,A,12,24,0.5,active,2022-12-05 10:21:02,"-9.15424, 38.70673, -9.15424, 38.70673",10,2022-12-05,-9.15424,38.70673
433,433,433 - Av. Paris / Av. Almirante Reis,B,2,14,0.14,active,2022-12-05 10:21:02,"-9.13409, 38.74095, -9.13409, 38.74095",10,2022-12-05,-9.13409,38.74095
206,206,206 - Av. Brasília / Doca de Alcântara,A,5,22,0.23,active,2022-12-05 10:21:05,"-9.17502, 38.70141, -9.17502, 38.70141",10,2022-12-05,-9.17502,38.70141
310,310,310 - Rua Pina Manique / Largo do Intendente ,A,3,17,0.18,active,2022-12-05 10:21:13,"-9.134847, 38.720733, -9.134847, 38.720733",10,2022-12-05,-9.134847,38.720733
364,364,364 -Rua D.francisco M. de melo / Rua artilharia 1,A,3,14,0.21,active,2022-12-05 10:21:16,"-9.159369, 38.728263, -9.159369, 38.728263",10,2022-12-05,-9.159369,38.728263
449,449,449 - Av. 5 de Outubro / Rua da Cruz Vermelha,B,2,14,0.14,active,2022-12-05 10:20:50,"-9.150085, 38.746836, -9.150085, 38.746836",10,2022-12-05,-9.150085,38.746836
208,208,208 - Cais das Pombas,A,3,22,0.14,active,2022-12-05 10:21:02,"-9.14373, 38.70523, -9.14373, 38.70523",10,2022-12-05,-9.14373,38.70523
113,113,113 - Alameda dos Oceanos/ Passeio do Levante,B,1,14,0.07,active,2022-12-05 10:21:03,"-9.09825, 38.78414, -9.09825, 38.78414",10,2022-12-05,-9.09825,38.78414
213,213,213 - Av. Infante Dom Henrique / Santa Apolónia,A,16,32,0.5,active,2022-12-05 10:21:05,"-9.122548, 38.713416, -9.122548, 38.713416",10,2022-12-05,-9.122548,38.713416
312,312,312 - Rua Álvaro Coutinho / Avenida Almirante Reis,A,1,18,0.06,active,2022-12-05 10:21:13,"-9.134802, 38.724869, -9.134802, 38.724869",10,2022-12-05,-9.134802,38.724869
363,363,363 - Rua de campolide / Rua marques da fronteira,A,5,14,0.36,active,2022-12-05 10:21:16,"-9.162216, 38.727094, -9.162216, 38.727094",10,2022-12-05,-9.162216,38.727094
460,460,460 - Av. Rio de Janeiro / Parque de Jogos 1º de Maio,B,2,15,0.13,active,2022-12-05 10:20:51,"-9.13749, 38.75176, -9.13749, 38.75176",10,2022-12-05,-9.13749,38.75176
301,301,301 - Avenida da Liberdade / Restauradores,A,11,21,0.52,active,2022-12-05 10:21:03,"-9.14242, 38.71702, -9.14242, 38.71702",10,2022-12-05,-9.14242,38.71702
475,475,475 - Av. Professor Gama Pinto / Cantina Velha,B,23,41,0.56,active,2022-12-05 10:21:05,"-9.15907, 38.75115, -9.15907, 38.75115",10,2022-12-05,-9.15907,38.75115
133,133,133 - Rua Cidade de Benguela / Avenida Cidade de L,A,17,18,0.94,active,2022-12-05 10:21:07,"-9.110724, 38.76503, -9.110724, 38.76503",10,2022-12-05,-9.110724,38.76503
553,553,553 - Rua Luis Pastor de Macedo / Rua Tobis Portuguesa,A,0,12,0.0,active,2022-12-05 10:21:13,"-9.15535, 38.767114, -9.15535, 38.767114",10,2022-12-05,-9.15535,38.767114
519,519,519 - Rua Prof. Pulido Valente / Rua Prof. Mário ,A,0,25,0.0,active,2022-12-05 10:21:16,"-9.1691, 38.763204, -9.1691, 38.763204",10,2022-12-05,-9.1691,38.763204
472,472,472 - Rua Marquês Soveral / ES Padre António Vieira,B,4,14,0.29,active,2022-12-05 10:20:51,"-9.13608, 38.75784, -9.13608, 38.75784",10,2022-12-05,-9.13608,38.75784
112,112,112 - Alameda dos Oceanos / Passeio das Garças,B,1,14,0.07,active,2022-12-05 10:21:03,"-9.09622, 38.78069, -9.09622, 38.78069",10,2022-12-05,-9.09622,38.78069
461,461,461 - Rua Professora Teresa Ambrósio,B,22,32,0.69,active,2022-12-05 10:21:05,"-9.155564, 38.749141, -9.155564, 38.749141",10,2022-12-05,-9.155564,38.749141
131,131,131 - Avenida de Berlim / Praça Baden Powell,A,14,21,0.67,active,2022-12-05 10:21:07,"-9.110767, 38.768137, -9.110767, 38.768137",10,2022-12-05,-9.110767,38.768137
362,362,362 - Avenida Eng. Duarte Pacheco,A,11,40,0.28,active,2022-12-05 10:21:14,"-9.159469, 38.72437, -9.159469, 38.72437",10,2022-12-05,-9.159469,38.72437
352,352,352 - Rua Tomás da Anunciação / Rua Almeida e S.,A,0,17,0.0,active,2022-12-05 10:21:16,"-9.165653, 38.717313, -9.165653, 38.717313",10,2022-12-05,-9.165653,38.717313
415,415,415 - Av. Duque de Ávila / Av. Conde Valbom,B,6,20,0.3,active,2022-12-05 10:20:51,"-9.148443, 38.735188, -9.148443, 38.735188",10,2022-12-05,-9.148443,38.735188
480,480,480 - Faculdade de Ciências,B,18,25,0.72,active,2022-12-05 10:21:06,"-9.15503, 38.75587, -9.15503, 38.75587",10,2022-12-05,-9.15503,38.75587
550,550,550 - Rua Fernando Curado Ribeiro / Alameda das Li,A,4,20,0.2,active,2022-12-05 10:21:08,"-9.156487, 38.760871, -9.156487, 38.760871",10,2022-12-05,-9.156487,38.760871
552,552,552 - Alameda das Linhas de Torres / Hospital Puli,A,0,12,0.0,active,2022-12-05 10:21:08,"-9.157335, 38.766075, -9.157335, 38.766075",10,2022-12-05,-9.157335,38.766075
507,507,507 - Rua José dos Santos Pereira / Rua Conde de Almoster,A,2,17,0.12,active,2022-12-05 10:21:16,"-9.193024, 38.744727, -9.193024, 38.744727",10,2022-12-05,-9.193024,38.744727
365,365,365 - Rua Castilho / Rua Marquês da Fronteira,A,5,30,0.17,repair,2022-12-05 10:21:18,"-9.157531, 38.729724, -9.157531, 38.729724",10,2022-12-05,-9.157531,38.729724
417,417,417 - Av. Duque de Ávila / Jardim Arco Do Cego,A,21,23,0.91,active,2022-12-05 10:20:52,"-9.142703, 38.735352, -9.142703, 38.735352",10,2022-12-05,-9.142703,38.735352
476,476,476 - Av. Professor Gama Pinto / Reitoria,B,10,23,0.43,active,2022-12-05 10:21:06,"-9.15885, 38.75231, -9.15885, 38.75231",10,2022-12-05,-9.15885,38.75231
556,556,556 - Alamedas das Linhas de Torres / Estrada da T,A,0,11,0.0,active,2022-12-05 10:21:08,"-9.161462, 38.773489, -9.161462, 38.773489",10,2022-12-05,-9.161462,38.773489
551,551,551 - Rua Francisco Stromp / Alameda das Linhas de,A,6,20,0.3,active,2022-12-05 10:21:08,"-9.157235, 38.762584, -9.157235, 38.762584",10,2022-12-05,-9.157235,38.762584
508,508,508 - Estação de Comboios de Benfica,A,0,23,0.0,active,2022-12-05 10:21:14,"-9.200039, 38.74473, -9.200039, 38.74473",10,2022-12-05,-9.200039,38.74473
509,509,509 - Centro Comercial Fonte Nova,A,3,17,0.18,active,2022-12-05 10:21:17,"-9.190007, 38.748901, -9.190007, 38.748901",10,2022-12-05,-9.190007,38.748901
413,413,413 - Av. Ressano Garcia / Av. António Augusto de Aguiar,B,2,10,0.2,active,2022-12-05 10:20:52,"-9.15425, 38.73432, -9.15425, 38.73432",10,2022-12-05,-9.15425,38.73432
477,477,477 - Alameda da Universidade / Faculdade de Direito,B,7,24,0.29,active,2022-12-05 10:21:06,"-9.15671, 38.75264, -9.15671, 38.75264",10,2022-12-05,-9.15671,38.75264
135,135,135 - Avenida Cidade de Lourenço Marques / Vale do,A,2,20,0.1,active,2022-12-05 10:21:09,"-9.118689, 38.764067, -9.118689, 38.764067",10,2022-12-05,-9.118689,38.764067
510,510,510 - Largo da Revista Militar / Avenida do Colégio Militar,A,9,17,0.53,active,2022-12-05 10:21:15,"-9.189058, 38.752892, -9.189058, 38.752892",10,2022-12-05,-9.189058,38.752892
520,520,520 - Lispolis,A,0,23,0.0,active,2022-12-05 10:21:17,"-9.182513, 38.766995, -9.182513, 38.766995",10,2022-12-05,-9.182513,38.766995
453,453,453 - Av. Roma / Av. EUA,B,0,14,0.0,active,2022-12-05 10:20:52,"-9.14207, 38.74873, -9.14207, 38.74873",10,2022-12-05,-9.14207,38.74873
134,134,134 - Praça Cidade do Luso,A,8,20,0.4,active,2022-12-05 10:21:07,"-9.116342, 38.765588, -9.116342, 38.765588",10,2022-12-05,-9.116342,38.765588
130,130,130 - Avenida Berlim / Rua Américo Jesus Fernandes,A,4,20,0.2,active,2022-12-05 10:21:12,"-9.106858, 38.767761, -9.106858, 38.767761",10,2022-12-05,-9.106858,38.767761
237,237,237 - Avenida da India / Praca das Industrias,A,4,30,0.13,active,2022-12-05 10:21:17,"-9.182262, 38.699093, -9.182262, 38.699093",10,2022-12-05,-9.182262,38.699093
473,473,473 - Av. do Brasil / Av. de Roma,B,3,14,0.21,active,2022-12-05 10:20:52,"-9.14697, 38.75643, -9.14697, 38.75643",10,2022-12-05,-9.14697,38.75643
314,314,314 - Rua Marques da Silva / Rua António Pedro,A,2,12,0.17,active,2022-12-05 10:21:11,"-9.135675, 38.729657, -9.135675, 38.729657",10,2022-12-05,-9.135675,38.729657
366,366,366 - Palacio da justiça,A,2,30,0.07,active,2022-12-05 10:21:13,"-9.156435, 38.731134, -9.156435, 38.731134",10,2022-12-05,-9.156435,38.731134
436,436,436 - Instituto Português de Oncologia,A,1,17,0.06,active,2022-12-05 10:21:17,"-9.162447, 38.739395, -9.162447, 38.739395",10,2022-12-05,-9.162447,38.739395
408,408,408 - Praça Duque de Saldanha,A,7,10,0.7,active,2022-12-05 10:20:54,"-9.144117, 38.733749, -9.144117, 38.733749",10,2022-12-05,-9.144117,38.733749
315,315,315 - Rua Passos Manuel/ Jardim Constantino,A,3,20,0.15,active,2022-12-05 10:21:11,"-9.136968, 38.731264, -9.136968, 38.731264",10,2022-12-05,-9.136968,38.731264
361,361,361 - Amoreiras Shopping Center,A,7,31,0.23,active,2022-12-05 10:21:13,"-9.160992, 38.72392, -9.160992, 38.72392",10,2022-12-05,-9.160992,38.72392
435,435,435 - Interface de Sete Rios,A,0,43,0.0,active,2022-12-05 10:21:17,"-9.166955, 38.740579, -9.166955, 38.740579",10,2022-12-05,-9.166955,38.740579
406,406,406 - Praça Duque de Saldanha,A,17,17,1.0,active,2022-12-05 10:20:54,"-9.145341, 38.734247, -9.145341, 38.734247",10,2022-12-05,-9.145341,38.734247
316,316,316 - Rua António Pedro / Rua Pascoal de Melo,A,1,14,0.07,active,2022-12-05 10:21:11,"-9.135356, 38.731424, -9.135356, 38.731424",10,2022-12-05,-9.135356,38.731424
232,232,232 - Avenida da Índia / Centro de Arqueologia de Lisboa,A,0,22,0.0,repair,2022-12-05 10:21:18,"-9.212149, 38.694155, -9.212149, 38.694155",10,2022-12-05,-9.212149,38.694155
428,428,428 - Av. República / Avenida Barbosa Du Bocage,A,7,12,0.58,active,2022-12-05 10:20:54,"-9.14684, 38.74047, -9.14684, 38.74047",10,2022-12-05,-9.14684,38.74047
555,555,555 - Alameda das Linhas de Torres,A,12,33,0.36,active,2022-12-05 10:21:12,"-9.160248, 38.770657, -9.160248, 38.770657",10,2022-12-05,-9.160248,38.770657
521,521,521 - Rua César de Oliveira / Rua Fernando Lopes Graça,A,0,22,0.0,repair,2022-12-05 10:21:18,"-9.17386, 38.769044, -9.17386, 38.769044",10,2022-12-05,-9.17386,38.769044
427,427,427 - Av. República / Av. Visconde Valmor,A,7,12,0.58,active,2022-12-05 10:20:54,"-9.14617, 38.73812, -9.14617, 38.73812",10,2022-12-05,-9.14617,38.73812
517,517,517 - Rua Padre Américo,A,3,19,0.16,active,2022-12-05 10:21:15,"-9.180437, 38.763505, -9.180437, 38.763505",10,2022-12-05,-9.180437,38.763505
235,235,235 - Avenida da India / Travessa da Galeotas,A,0,30,0.0,repair,2022-12-05 10:21:18,"-9.192735, 38.697187, -9.192735, 38.697187",10,2022-12-05,-9.192735,38.697187
446,446,446 - Av. República / Interface Entrecampos ,A,13,40,0.33,active,2022-12-05 10:20:55,"-9.14773, 38.74456, -9.14773, 38.74456",10,2022-12-05,-9.14773,38.74456
518,518,518 - Avenida das Nações Unidas / Azinhaga da Torre do Fato,A,1,20,0.05,active,2022-12-05 10:21:15,"-9.177955, 38.764097, -9.177955, 38.764097",10,2022-12-05,-9.177955,38.764097
513,513,513 - Rua Guiomar Torresão/Metro de Carnide,A,0,20,0.0,repair,2022-12-05 10:21:18,"-9.19216, 38.758691, -9.19216, 38.758691",10,2022-12-05,-9.19216,38.758691
238,238,238 - Rua de Cascais / Alcântara Mar,A,16,23,0.7,active,2022-12-05 10:21:15,"-9.175234, 38.702936, -9.175234, 38.702936",10,2022-12-05,-9.175234,38.702936
209,209,209 - Ribeira das Naus,A,0,27,0.0,repair,2022-12-05 10:21:18,"-9.141466, 38.705954, -9.141466, 38.705954",10,2022-12-05,-9.141466,38.705954
104,104,104 - Gare do Oriente,A,15,40,0.38,active,2022-12-05 10:20:45,"-9.097322, 38.766716, -9.097322, 38.766716",10,2022-12-05,-9.097322,38.766716
506,506,506 - Rua Tenente Coronel Reibeiro dos Reis/Rua Conde de Almoster,A,0,17,0.0,repair,2022-12-05 10:21:18,"-9.190028, 38.745181, -9.190028, 38.745181",10,2022-12-05,-9.190028,38.745181
105,105,105 - CC Vasco da Gama,A,28,40,0.7,active,2022-12-05 10:20:45,"-9.096222, 38.768548, -9.096222, 38.768548",10,2022-12-05,-9.096222,38.768548
101,101,101 - Alameda dos Oceanos / Rua dos Argonautas,A,0,16,0.0,active,2022-12-05 10:20:46,"-9.096804, 38.756161, -9.096804, 38.756161",10,2022-12-05,-9.096804,38.756161
102,102,102 - Porta do Mar,B,0,14,0.0,active,2022-12-05 10:20:46,"-9.096439, 38.759156, -9.096439, 38.759156",10,2022-12-05,-9.096439,38.759156
103,103,103 - Jardim da Água,B,0,21,0.0,active,2022-12-05 10:20:46,"-9.095019, 38.761218, -9.095019, 38.761218",10,2022-12-05,-9.095019,38.761218
106,106,106 - Jardim Garcia da Orta,B,5,14,0.36,active,2022-12-05 10:20:46,"-9.092506, 38.769459, -9.092506, 38.769459",10,2022-12-05,-9.092506,38.769459
107,107,107 - Rotunda dos Vice-Reis,B,1,14,0.07,active,2022-12-05 10:20:46,"-9.095416, 38.774505, -9.095416, 38.774505",10,2022-12-05,-9.095416,38.774505
108,108,108 - Rua do Bojador,B,0,14,0.0,active,2022-12-05 10:20:47,"-9.09235, 38.774289, -9.09235, 38.774289",10,2022-12-05,-9.09235,38.774289
414,414,414 - Av. Duque de Ávila / Rua Pinheiro Chagas,B,4,19,0.21,active,2022-12-05 10:20:49,"-9.151, 38.735, -9.151, 38.735",10,2022-12-05,-9.151,38.735
468,468,468 - Largo Frei Heitor Pinto,B,12,21,0.57,active,2022-12-05 10:20:49,"-9.13827, 38.75482, -9.13827, 38.75482",10,2022-12-05,-9.13827,38.75482
431,431,431 - Rua do Arco Cego / Av. Magalhães Lima,B,3,14,0.21,active,2022-12-05 10:20:49,"-9.14199, 38.73937, -9.14199, 38.73937",10,2022-12-05,-9.14199,38.73937
412,412,412 - Av. Ressano Garcia / Av. António Augusto de Aguiar,B,2,16,0.13,active,2022-12-05 10:20:50,"-9.1546, 38.73448, -9.1546, 38.73448",10,2022-12-05,-9.1546,38.73448
459,459,459 - Rua Maria Amália Vaz de Carvalho / ES Rainha D. Leonor,B,0,20,0.0,active,2022-12-05 10:20:53,"-9.141741, 38.751481, -9.141741, 38.751481",10,2022-12-05,-9.141741,38.751481
423,423,423 - Av. Conde Valbom / Rua Marquês Sá da Bandeira,B,2,10,0.2,active,2022-12-05 10:20:53,"-9.152295, 38.737911, -9.152295, 38.737911",10,2022-12-05,-9.152295,38.737911
219,219,219 - Praça do Município,A,18,22,0.82,active,2022-12-05 10:20:57,"-9.13951, 38.70797, -9.13951, 38.70797",10,2022-12-05,-9.13951,38.70797
304,304,304 - Avenida da Liberdade / São Jorge,A,7,16,0.44,active,2022-12-05 10:20:57,"-9.14637, 38.72026, -9.14637, 38.72026",10,2022-12-05,-9.14637,38.72026
305,305,305 - Avenida da Liberdade / Rua Barata Salgueiro,A,8,16,0.5,active,2022-12-05 10:20:57,"-9.147, 38.72228, -9.147, 38.72228",10,2022-12-05,-9.147,38.72228
216,216,216 - Praça D. Luís I,A,13,21,0.62,active,2022-12-05 10:21:01,"-9.14655, 38.70663, -9.14655, 38.70663",10,2022-12-05,-9.14655,38.70663
462,462,462 - Campo Grande / Biblioteca Nacional,B,18,29,0.62,active,2022-12-05 10:21:01,"-9.15031, 38.75027, -9.15031, 38.75027",10,2022-12-05,-9.15031,38.75027
483,483,483 - Rua Professor Francisco Lucas Pires ,B,2,15,0.13,active,2022-12-05 10:21:01,"-9.16405, 38.75939, -9.16405, 38.75939",10,2022-12-05,-9.16405,38.75939
479,479,479 - Rua Professor Oliveira Marques,B,5,13,0.38,active,2022-12-05 10:21:05,"-9.15724, 38.75491, -9.15724, 38.75491",10,2022-12-05,-9.15724,38.75491
478,478,478 - Alameda da Universidade / Faculdade de Letras,B,14,32,0.44,active,2022-12-05 10:21:06,"-9.15717, 38.75359, -9.15717, 38.75359",10,2022-12-05,-9.15717,38.75359
132,132,132 - Avenida de Berlim / Rua Cidade de Cabinda,A,10,25,0.4,active,2022-12-05 10:21:07,"-9.11255, 38.76829, -9.11255, 38.76829",10,2022-12-05,-9.11255,38.76829
150,150,150 - Avenida Dr. Francisco Luis Gomes / Go Fit,A,16,17,0.94,active,2022-12-05 10:21:07,"-9.111745, 38.769665, -9.111745, 38.769665",10,2022-12-05,-9.111745,38.769665
554,554,554 - Alameda das Linhas de Torres / Rua Ladislau,A,7,27,0.26,active,2022-12-05 10:21:09,"-9.158298, 38.768683, -9.158298, 38.768683",10,2022-12-05,-9.158298,38.768683
313,313,313 - Rua Frei Francisco Foreiro / Rua de Arroios,A,3,14,0.21,active,2022-12-05 10:21:11,"-9.135956, 38.728049, -9.135956, 38.728049",10,2022-12-05,-9.135956,38.728049
221,221,221 - Rua do Crucifixo / Rua São Nicolau,A,13,15,0.87,active,2022-12-05 10:21:12,"-9.138828, 38.710191, -9.138828, 38.710191",10,2022-12-05,-9.138828,38.710191
151,151,151 - Rua Contra Almirante Ferraz / Escola Sec.António Damásio,A,14,24,0.58,active,2022-12-05 10:21:12,"-9.108728, 38.770434, -9.108728, 38.770434",10,2022-12-05,-9.108728,38.770434
351,351,352 - Rua Tomás da Anunciação / Rua Almeida e S.,,0,17,0.0,repair,2022-07-13 15:45:51,"-9.165653, 38.717313, -9.165653, 38.717313",15,2022-07-13,-9.165653,38.717313
