id_expl,id_planeamento,desig_comercial,tipo_servico_niveis,num_bicicletas,num_docas,racio,estado,update_date,bbox,update_date_hour,update_date_only,longitude,latitude
281,281,281 - HUB Criativo do Beato Nascente,A,6,26,0.23,active,2023-08-04 08:35:28,"-9.105308, 38.731578, -9.105308, 38.731578",8,2023-08-04,-9.105308,38.731578
388,388,109 - Alameda dos Oceanos / Rua Ilha dos Amores,B,11,14,0.79,repair,2023-04-20 01:45:45,"-9.094672, 38.777589, -9.094672, 38.777589",1,2023-04-20,-9.094672,38.777589
210,210,238 - Rua de Cascais / Alcântara Mar,A,0,0,0.0,repair,2022-04-07 11:56:26,"-9.175234, 38.702936, -9.175234, 38.702936",11,2022-04-07,-9.175234,38.702936
351,351,352 - Rua Tomás da Anunciação / Rua Almeida e S.,,0,17,0.0,repair,2022-07-13 15:45:51,"-9.165653, 38.717313, -9.165653, 38.717313",15,2022-07-13,-9.165653,38.717313
511,511,511 - Avenida do Uruguai,A,20,27,0.74,active,2023-08-04 08:35:28,"-9.196294, 38.753789, -9.196294, 38.753789",8,2023-08-04,-9.196294,38.753789
442,442,442 - Campo Pequeno,A,5,16,0.31,active,2023-08-04 08:35:04,"-9.14523, 38.743371, -9.14523, 38.743371",8,2023-08-04,-9.14523,38.743371
309,309,309 - Rua da Palma,B,10,10,1.0,active,2023-08-04 08:35:10,"-9.13577, 38.71901, -9.13577, 38.71901",8,2023-08-04,-9.13577,38.71901
104,104,104 - Gare do Oriente,A,0,40,0.0,repair,2023-08-04 08:35:29,"-9.097322, 38.766716, -9.097322, 38.766716",8,2023-08-04,-9.097322,38.766716
443,443,443 - Av. de Roma / Fórum Lisboa,B,5,14,0.36,active,2023-08-04 08:35:11,"-9.13866, 38.74351, -9.13866, 38.74351",8,2023-08-04,-9.13866,38.74351
483,483,483 - Rua Professor Francisco Lucas Pires ,B,8,15,0.53,active,2023-08-04 08:35:13,"-9.16405, 38.75939, -9.16405, 38.75939",8,2023-08-04,-9.16405,38.75939
241,241,241 - Largo Luís Alves Miguel / Rua Fernão Mendes Pinto,A,0,11,0.0,repair,2023-08-04 08:35:35,"-9.214902, 38.694942, -9.214902, 38.694942",8,2023-08-04,-9.214902,38.694942
478,478,478 - Alameda da Universidade / Faculdade de Letras,B,11,32,0.34,active,2023-08-04 08:35:16,"-9.15717, 38.75359, -9.15717, 38.75359",8,2023-08-04,-9.15717,38.75359
315,315,315 - Rua Passos Manuel/ Jardim Constantino,A,8,20,0.4,active,2023-08-04 08:35:21,"-9.136968, 38.731264, -9.136968, 38.731264",8,2023-08-04,-9.136968,38.731264
105,105,105 - CC Vasco da Gama,A,0,40,0.0,repair,2023-08-04 08:35:29,"-9.096222, 38.768548, -9.096222, 38.768548",8,2023-08-04,-9.096222,38.768548
225,225,225 - Martim Moniz,A,0,16,0.0,repair,2023-08-04 08:35:32,"-9.13694, 38.71526, -9.13694, 38.71526",8,2023-08-04,-9.13694,38.71526
218,218,218 - Cais do Sodré,A,0,22,0.0,repair,2023-08-04 08:35:32,"-9.14471, 38.70617, -9.14471, 38.70617",8,2023-08-04,-9.14471,38.70617
450,450,450 - Rua Alfredo Cortês,B,8,10,0.8,active,2023-08-04 08:35:06,"-9.14399, 38.74626, -9.14399, 38.74626",8,2023-08-04,-9.14399,38.74626
480,480,480 - Faculdade de Ciências,B,6,25,0.24,active,2023-08-04 08:35:15,"-9.15503, 38.75587, -9.15503, 38.75587",8,2023-08-04,-9.15503,38.75587
551,551,551 - Rua Francisco Stromp / Alameda das Linhas de,A,18,20,0.9,active,2023-08-04 08:35:19,"-9.157235, 38.762584, -9.157235, 38.762584",8,2023-08-04,-9.157235,38.762584
130,130,130 - Avenida Berlim / Rua Américo Jesus Fernandes,A,11,20,0.55,active,2023-08-04 08:35:22,"-9.106858, 38.767761, -9.106858, 38.767761",8,2023-08-04,-9.106858,38.767761
502,502,502 - Rua São Domingos de Benfica / Rua Francisco Gentil Martins,A,6,16,0.38,active,2023-08-04 08:35:28,"-9.176365, 38.741406, -9.176365, 38.741406",8,2023-08-04,-9.176365,38.741406
101,101,101 - Alameda dos Oceanos / Rua dos Argonautas,A,0,16,0.0,repair,2023-08-04 08:35:29,"-9.096804, 38.756161, -9.096804, 38.756161",8,2023-08-04,-9.096804,38.756161
410,410,410 - Rua da Mesquita / Universidade Nova de Lisboa,B,0,40,0.0,repair,2023-08-04 08:35:33,"-9.16015, 38.73492, -9.16015, 38.73492",8,2023-08-04,-9.16015,38.73492
113,113,113 - Alameda dos Oceanos/ Passeio do Levante,B,0,14,0.0,repair,2023-08-04 08:35:33,"-9.09825, 38.78414, -9.09825, 38.78414",8,2023-08-04,-9.09825,38.78414
407,407,407 - Praça Duque de Saldanha,A,16,18,0.89,active,2023-08-04 08:35:08,"-9.14446, 38.73434, -9.14446, 38.73434",8,2023-08-04,-9.14446,38.73434
550,550,550 - Rua Fernando Curado Ribeiro / Alameda das Li,A,10,20,0.5,active,2023-08-04 08:35:18,"-9.156487, 38.760871, -9.156487, 38.760871",8,2023-08-04,-9.156487,38.760871
311,311,311 - Avenida Almirante Reis Nº14,A,10,11,0.91,active,2023-08-04 08:35:21,"-9.135295, 38.721721, -9.135295, 38.721721",8,2023-08-04,-9.135295,38.721721
553,553,553 - Rua Luis Pastor de Macedo / Rua Tobis Portuguesa,A,9,12,0.75,active,2023-08-04 08:35:23,"-9.15535, 38.767114, -9.15535, 38.767114",8,2023-08-04,-9.15535,38.767114
503,503,503 - Rua Conde de Almoster / Rua Carlos Pereira,A,2,12,0.17,active,2023-08-04 08:35:28,"-9.178764, 38.74266, -9.178764, 38.74266",8,2023-08-04,-9.178764,38.74266
103,103,103 - Jardim da Água,B,0,20,0.0,repair,2023-08-04 08:35:29,"-9.095019, 38.761218, -9.095019, 38.761218",8,2023-08-04,-9.095019,38.761218
221,221,221 - Rua do Crucifixo / Rua São Nicolau,A,0,15,0.0,repair,2023-08-04 08:35:33,"-9.138828, 38.710191, -9.138828, 38.710191",8,2023-08-04,-9.138828,38.710191
365,365,365 - Rua Castilho / Rua Marquês da Fronteira,A,0,30,0.0,repair,2023-08-04 08:35:34,"-9.157531, 38.729724, -9.157531, 38.729724",8,2023-08-04,-9.157531,38.729724
490,490,490 - Rua Fernando Namora / Azinhaga da Torre do Fato,A,14,16,0.88,active,2023-08-04 08:35:12,"-9.17849, 38.76026, -9.17849, 38.76026",8,2023-08-04,-9.17849,38.76026
476,476,476 - Av. Professor Gama Pinto / Reitoria,B,20,23,0.87,active,2023-08-04 08:35:16,"-9.15885, 38.75231, -9.15885, 38.75231",8,2023-08-04,-9.15885,38.75231
137,137,137 - Rua Cidade de Bissau (entrada SPACIO),A,24,33,0.73,active,2023-08-04 08:35:20,"-9.114505, 38.762829, -9.114505, 38.762829",8,2023-08-04,-9.114505,38.762829
314,314,314 - Rua Marques da Silva / Rua António Pedro,A,8,12,0.67,active,2023-08-04 08:35:21,"-9.135675, 38.729657, -9.135675, 38.729657",8,2023-08-04,-9.135675,38.729657
108,108,108 - Rua do Bojador,B,0,14,0.0,repair,2023-08-04 08:35:30,"-9.09235, 38.774289, -9.09235, 38.774289",8,2023-08-04,-9.09235,38.774289
216,216,216 - Praça D. Luís I,A,8,21,0.38,active,2023-08-04 08:35:12,"-9.14655, 38.70663, -9.14655, 38.70663",8,2023-08-04,-9.14655,38.70663
209,209,209 - Ribeira das Naus,A,0,27,0.0,repair,2023-08-04 08:35:35,"-9.141466, 38.705954, -9.141466, 38.705954",8,2023-08-04,-9.141466,38.705954
556,556,556 - Alamedas das Linhas de Torres / Estrada da T,A,3,11,0.27,active,2023-08-04 08:35:19,"-9.161462, 38.773489, -9.161462, 38.773489",8,2023-08-04,-9.161462,38.773489
510,510,510 - Largo da Revista Militar / Avenida do Colégio Militar,A,7,17,0.41,active,2023-08-04 08:35:23,"-9.189058, 38.752892, -9.189058, 38.752892",8,2023-08-04,-9.189058,38.752892
517,517,517 - Rua Padre Américo,A,12,19,0.63,active,2023-08-04 08:35:24,"-9.180437, 38.763505, -9.180437, 38.763505",8,2023-08-04,-9.180437,38.763505
507,507,507 - Rua José dos Santos Pereira / Rua Conde de Almoster,A,10,17,0.59,active,2023-08-04 08:35:25,"-9.193024, 38.744727, -9.193024, 38.744727",8,2023-08-04,-9.193024,38.744727
430,430,430 - Av. Barbosa Du Bocage / Rua Arco do Cego,B,14,20,0.7,active,2023-08-04 08:35:05,"-9.14329, 38.74081, -9.14329, 38.74081",8,2023-08-04,-9.14329,38.74081
417,417,417 - Av. Duque de Ávila / Jardim Arco Do Cego,A,5,23,0.22,active,2023-08-04 08:35:07,"-9.142703, 38.735352, -9.142703, 38.735352",8,2023-08-04,-9.142703,38.735352
280,280,280 - HUB Criativo do Beato Poente,A,5,16,0.31,active,2023-08-04 08:35:29,"-9.106709, 38.729739, -9.106709, 38.729739",8,2023-08-04,-9.106709,38.729739
456,456,456 - Entrecampos / Av. das Forças Armadas,A,22,41,0.54,active,2023-08-04 08:35:13,"-9.14872, 38.74877, -9.14872, 38.74877",8,2023-08-04,-9.14872,38.74877
352,352,352 - Rua Tomás da Anunciação / Rua Almeida e S.,A,8,17,0.47,active,2023-08-04 08:35:25,"-9.165653, 38.717313, -9.165653, 38.717313",8,2023-08-04,-9.165653,38.717313
521,521,521 - Rua César de Oliveira / Rua Fernando Lopes Graça,A,9,22,0.41,active,2023-08-04 08:35:26,"-9.17386, 38.769044, -9.17386, 38.769044",8,2023-08-04,-9.17386,38.769044
485,485,485 - Rua Tomás da Fonseca / Rua António Albino Machado,B,2,10,0.2,active,2023-08-04 08:35:10,"-9.17, 38.756, -9.17, 38.756",8,2023-08-04,-9.17,38.756
475,475,475 - Av. Professor Gama Pinto / Cantina Velha,B,24,41,0.59,active,2023-08-04 08:35:15,"-9.15907, 38.75115, -9.15907, 38.75115",8,2023-08-04,-9.15907,38.75115
435,435,435 - Interface de Sete Rios,A,37,43,0.86,active,2023-08-04 08:35:27,"-9.166955, 38.740579, -9.166955, 38.740579",8,2023-08-04,-9.166955,38.740579
235,235,235 - Avenida da India / Travessa da Galeotas,A,0,30,0.0,repair,2023-08-04 08:35:34,"-9.192735, 38.697187, -9.192735, 38.697187",8,2023-08-04,-9.192735,38.697187
230,230,230 - Praca D. Manuel I,A,0,37,0.0,repair,2023-08-04 08:35:34,"-9.226483, 38.697909, -9.226483, 38.697909",8,2023-08-04,-9.226483,38.697909
506,506,506 - Rua Tenente Coronel Reibeiro dos Reis/Rua Conde de Almoster,A,13,17,0.76,active,2023-08-04 08:35:27,"-9.190028, 38.745181, -9.190028, 38.745181",8,2023-08-04,-9.190028,38.745181
479,479,479 - Rua Professor Oliveira Marques,B,6,13,0.46,active,2023-08-04 08:35:15,"-9.15724, 38.75491, -9.15724, 38.75491",8,2023-08-04,-9.15724,38.75491
304,304,304 - Avenida da Liberdade / São Jorge,A,0,16,0.0,repair,2023-08-04 08:35:31,"-9.14637, 38.72026, -9.14637, 38.72026",8,2023-08-04,-9.14637,38.72026
231,231,231 - Largo Luís Alves Miguel / Rua Fernão Mendes Pinto,A,0,11,0.0,repair,2023-08-04 08:35:35,"-9.219675, 38.695342, -9.219675, 38.695342",8,2023-08-04,-9.219675,38.695342
437,437,437 - Avenida Columbano Bordalo Pinheiro / Rua de Campolide,A,15,17,0.88,active,2023-08-04 08:35:27,"-9.166589, 38.739427, -9.166589, 38.739427",8,2023-08-04,-9.166589,38.739427
114,114,114 - Via do Oriente,B,0,10,0.0,repair,2023-08-04 08:35:32,"-9.09974, 38.78836, -9.09974, 38.78836",8,2023-08-04,-9.09974,38.78836
133,133,133 - Rua Cidade de Benguela / Avenida Cidade de L,A,1,18,0.06,active,2023-08-04 08:35:18,"-9.110724, 38.76503, -9.110724, 38.76503",8,2023-08-04,-9.110724,38.76503
102,102,102 - Porta do Mar,B,0,14,0.0,repair,2023-08-04 08:35:29,"-9.096439, 38.759156, -9.096439, 38.759156",8,2023-08-04,-9.096439,38.759156
106,106,106 - Jardim Garcia da Orta,B,0,14,0.0,repair,2023-08-04 08:35:29,"-9.092506, 38.769459, -9.092506, 38.769459",8,2023-08-04,-9.092506,38.769459
224,224,224 - Martim Moniz,A,0,22,0.0,repair,2023-08-04 08:35:32,"-9.13651, 38.71498, -9.13651, 38.71498",8,2023-08-04,-9.13651,38.71498
486,486,486 - Rua Hermano Neves / Rua José Escada,B,10,14,0.71,active,2023-08-04 08:35:11,"-9.16985, 38.75954, -9.16985, 38.75954",8,2023-08-04,-9.16985,38.75954
107,107,107 - Rotunda dos Vice-Reis,B,0,14,0.0,repair,2023-08-04 08:35:29,"-9.095416, 38.774505, -9.095416, 38.774505",8,2023-08-04,-9.095416,38.774505
212,212,212 - Av. Infante Dom Henrique / Terminal de Cruzeiros,B,0,20,0.0,repair,2023-08-04 08:35:32,"-9.12769, 38.71035, -9.12769, 38.71035",8,2023-08-04,-9.12769,38.71035
462,462,462 - Campo Grande / Biblioteca Nacional,B,18,29,0.62,active,2023-08-04 08:35:12,"-9.15031, 38.75027, -9.15031, 38.75027",8,2023-08-04,-9.15031,38.75027
316,316,316 - Rua António Pedro / Rua Pascoal de Melo,A,3,14,0.21,active,2023-08-04 08:35:22,"-9.135356, 38.731424, -9.135356, 38.731424",8,2023-08-04,-9.135356,38.731424
110,110,110 - Rua de Moscavide,B,0,18,0.0,repair,2023-08-04 08:35:30,"-9.097068, 38.778466, -9.097068, 38.778466",8,2023-08-04,-9.097068,38.778466
301,301,301 - Avenida da Liberdade / Restauradores,A,0,21,0.0,repair,2023-08-04 08:35:33,"-9.14242, 38.71702, -9.14242, 38.71702",8,2023-08-04,-9.14242,38.71702
452,452,452 - Rua Teixeira de Pascoais / Rua Dr. Gama Barros,B,6,10,0.6,active,2023-08-04 08:35:03,"-9.136681, 38.747751, -9.136681, 38.747751",8,2023-08-04,-9.136681,38.747751
214,214,214 - Largo de Santos,A,5,24,0.21,active,2023-08-04 08:35:13,"-9.15424, 38.70673, -9.15424, 38.70673",8,2023-08-04,-9.15424,38.70673
208,208,208 - Cais das Pombas,A,0,22,0.0,repair,2023-08-04 08:35:32,"-9.14373, 38.70523, -9.14373, 38.70523",8,2023-08-04,-9.14373,38.70523
457,457,457 - Rua Aboim Ascensão,B,4,10,0.4,active,2023-08-04 08:35:03,"-9.14722, 38.74975, -9.14722, 38.74975",8,2023-08-04,-9.14722,38.74975
134,134,134 - Praça Cidade do Luso,A,2,20,0.1,active,2023-08-04 08:35:17,"-9.116342, 38.765588, -9.116342, 38.765588",8,2023-08-04,-9.116342,38.765588
481,481,481 - Campo Grande / Museu da Cidade,B,12,20,0.6,active,2023-08-04 08:35:03,"-9.156169, 38.758207, -9.156169, 38.758207",8,2023-08-04,-9.156169,38.758207
205,205,205 - Av. Brasília / Cordoaria,B,3,10,0.3,active,2023-08-04 08:35:14,"-9.188, 38.697, -9.188, 38.697",8,2023-08-04,-9.188,38.697
132,132,132 - Avenida de Berlim / Rua Cidade de Cabinda,A,15,25,0.6,active,2023-08-04 08:35:18,"-9.11255, 38.76829, -9.11255, 38.76829",8,2023-08-04,-9.11255,38.76829
464,464,464 - Av. da Igreja / Rua Afonso Lopes Vieira,B,8,14,0.57,active,2023-08-04 08:35:04,"-9.148427, 38.75165, -9.148427, 38.75165",8,2023-08-04,-9.148427,38.75165
203,203,203 - Padrão dos Descobrimentos,A,4,22,0.18,active,2023-08-04 08:35:14,"-9.20633, 38.6935, -9.20633, 38.6935",8,2023-08-04,-9.20633,38.6935
131,131,131 - Avenida de Berlim / Praça Baden Powell,A,6,21,0.29,active,2023-08-04 08:35:18,"-9.110767, 38.768137, -9.110767, 38.768137",8,2023-08-04,-9.110767,38.768137
414,414,414 - Av. Duque de Ávila / Rua Pinheiro Chagas,B,0,19,0.0,repair,2023-08-04 08:35:30,"-9.151, 38.735, -9.151, 38.735",8,2023-08-04,-9.151,38.735
213,213,213 - Av. Infante Dom Henrique / Santa Apolónia,A,11,32,0.34,active,2023-08-04 08:35:14,"-9.122548, 38.713416, -9.122548, 38.713416",8,2023-08-04,-9.122548,38.713416
554,554,554 - Alameda das Linhas de Torres / Rua Ladislau,A,16,27,0.59,active,2023-08-04 08:35:19,"-9.158298, 38.768683, -9.158298, 38.768683",8,2023-08-04,-9.158298,38.768683
223,223,223 - Praça do Rossio,A,0,21,0.0,repair,2023-08-04 08:35:33,"-9.138952, 38.713112, -9.138952, 38.713112",8,2023-08-04,-9.138952,38.713112
468,468,468 - Largo Frei Heitor Pinto,B,17,21,0.81,active,2023-08-04 08:35:04,"-9.13827, 38.75482, -9.13827, 38.75482",8,2023-08-04,-9.13827,38.75482
310,310,310 - Rua Pina Manique / Largo do Intendente ,A,16,17,0.94,active,2023-08-04 08:35:23,"-9.134847, 38.720733, -9.134847, 38.720733",8,2023-08-04,-9.134847,38.720733
220,220,220 - Rua do Comercio,A,0,20,0.0,repair,2023-08-04 08:35:33,"-9.137125, 38.70878, -9.137125, 38.70878",8,2023-08-04,-9.137125,38.70878
109,109,109 - Alameda dos Oceanos / Rua Ilha dos Amores,,0,14,0.0,repair,2023-08-04 08:35:35,"-9.094686, 38.777548, -9.094686, 38.777548",8,2023-08-04,-9.094686,38.777548
431,431,431 - Rua do Arco Cego / Av. Magalhães Lima,B,7,14,0.5,active,2023-08-04 08:35:04,"-9.14199, 38.73937, -9.14199, 38.73937",8,2023-08-04,-9.14199,38.73937
412,412,412 - Av. Ressano Garcia / Av. António Augusto de Aguiar,B,0,16,0.0,repair,2023-08-04 08:35:30,"-9.1546, 38.73448, -9.1546, 38.73448",8,2023-08-04,-9.1546,38.73448
226,226,226 - Rua dos Fanqueiros,A,0,13,0.0,repair,2023-08-04 08:35:33,"-9.136456, 38.711888, -9.136456, 38.711888",8,2023-08-04,-9.136456,38.711888
426,426,426 - Av. Elias Garcia / Av. 5 de Outubro,B,0,14,0.0,repair,2023-08-04 08:35:30,"-9.14793, 38.739046, -9.14793, 38.739046",8,2023-08-04,-9.14793,38.739046
139,139,139 - Rua Cidade de Bissau (Metro Olivais),A,13,25,0.52,active,2023-08-04 08:35:20,"-9.111596, 38.76134, -9.111596, 38.76134",8,2023-08-04,-9.111596,38.76134
449,449,449 - Av. 5 de Outubro / Rua da Cruz Vermelha,B,5,14,0.36,active,2023-08-04 08:35:05,"-9.150085, 38.746836, -9.150085, 38.746836",8,2023-08-04,-9.150085,38.746836
313,313,313 - Rua Frei Francisco Foreiro / Rua de Arroios,A,13,14,0.93,active,2023-08-04 08:35:21,"-9.135956, 38.728049, -9.135956, 38.728049",8,2023-08-04,-9.135956,38.728049
460,460,460 - Av. Rio de Janeiro / Parque de Jogos 1º de Maio,B,9,15,0.6,active,2023-08-04 08:35:06,"-9.13749, 38.75176, -9.13749, 38.75176",8,2023-08-04,-9.13749,38.75176
509,509,509 - Centro Comercial Fonte Nova,A,10,17,0.59,active,2023-08-04 08:35:25,"-9.190007, 38.748901, -9.190007, 38.748901",8,2023-08-04,-9.190007,38.748901
472,472,472 - Rua Marquês Soveral / ES Padre António Vieira,B,8,14,0.57,active,2023-08-04 08:35:06,"-9.13608, 38.75784, -9.13608, 38.75784",8,2023-08-04,-9.13608,38.75784
415,415,415 - Av. Duque de Ávila / Av. Conde Valbom,B,0,20,0.0,repair,2023-08-04 08:35:30,"-9.148443, 38.735188, -9.148443, 38.735188",8,2023-08-04,-9.148443,38.735188
413,413,413 - Av. Ressano Garcia / Av. António Augusto de Aguiar,B,0,10,0.0,repair,2023-08-04 08:35:30,"-9.15425, 38.73432, -9.15425, 38.73432",8,2023-08-04,-9.15425,38.73432
453,453,453 - Av. Roma / Av. EUA,B,9,14,0.64,active,2023-08-04 08:35:07,"-9.14207, 38.74873, -9.14207, 38.74873",8,2023-08-04,-9.14207,38.74873
473,473,473 - Av. do Brasil / Av. de Roma,B,7,14,0.5,active,2023-08-04 08:35:07,"-9.14697, 38.75643, -9.14697, 38.75643",8,2023-08-04,-9.14697,38.75643
459,459,459 - Rua Maria Amália Vaz de Carvalho / ES Rainha D. Leonor,B,14,20,0.7,active,2023-08-04 08:35:07,"-9.141741, 38.751481, -9.141741, 38.751481",8,2023-08-04,-9.141741,38.751481
423,423,423 - Av. Conde Valbom / Rua Marquês Sá da Bandeira,B,0,10,0.0,repair,2023-08-04 08:35:30,"-9.152295, 38.737911, -9.152295, 38.737911",8,2023-08-04,-9.152295,38.737911
474,474,474 - Av. do Brasil / Av. Rio de Janeiro,A,13,15,0.87,active,2023-08-04 08:35:08,"-9.1409, 38.75832, -9.1409, 38.75832",8,2023-08-04,-9.1409,38.75832
463,463,463 - Campo Grande / Av. da Igreja,B,4,10,0.4,active,2023-08-04 08:35:08,"-9.14951, 38.75243, -9.14951, 38.75243",8,2023-08-04,-9.14951,38.75243
408,408,408 - Praça Duque de Saldanha,A,3,10,0.3,active,2023-08-04 08:35:09,"-9.144117, 38.733749, -9.144117, 38.733749",8,2023-08-04,-9.144117,38.733749
406,406,406 - Praça Duque de Saldanha,A,0,17,0.0,repair,2023-08-04 08:35:30,"-9.145341, 38.734247, -9.145341, 38.734247",8,2023-08-04,-9.145341,38.734247
428,428,428 - Av. República / Avenida Barbosa Du Bocage,A,0,12,0.0,repair,2023-08-04 08:35:31,"-9.14684, 38.74047, -9.14684, 38.74047",8,2023-08-04,-9.14684,38.74047
427,427,427 - Av. República / Av. Visconde Valmor,A,0,12,0.0,repair,2023-08-04 08:35:31,"-9.14617, 38.73812, -9.14617, 38.73812",8,2023-08-04,-9.14617,38.73812
446,446,446 - Av. República / Interface Entrecampos ,A,34,40,0.85,active,2023-08-04 08:35:09,"-9.14773, 38.74456, -9.14773, 38.74456",8,2023-08-04,-9.14773,38.74456
403,403,403 - Av. Fontes Pereira de Melo,B,0,20,0.0,repair,2023-08-04 08:35:31,"-9.146522, 38.731698, -9.146522, 38.731698",8,2023-08-04,-9.146522,38.731698
416,416,416 - Av. República / Avenida Duque de Ávila,A,0,16,0.0,repair,2023-08-04 08:35:31,"-9.14553, 38.735304, -9.14553, 38.735304",8,2023-08-04,-9.14553,38.735304
471,471,471 - Rua Lopes de Mendonça / EB São João de Brito,B,3,10,0.3,active,2023-08-04 08:35:09,"-9.137337, 38.756487, -9.137337, 38.756487",8,2023-08-04,-9.137337,38.756487
115,115,115 - Passeio dos Heróis do Mar / Rua Capitão Cook,A,0,29,0.0,repair,2023-08-04 08:35:31,"-9.09781, 38.793, -9.09781, 38.793",8,2023-08-04,-9.09781,38.793
421,421,421 - Alameda D. Afonso Henriques,A,14,20,0.7,active,2023-08-04 08:35:09,"-9.13416, 38.73736, -9.13416, 38.73736",8,2023-08-04,-9.13416,38.73736
420,420,420 - Av. Rovisco Pais / Av. Manuel da Maia,B,15,26,0.58,active,2023-08-04 08:35:10,"-9.13672, 38.73617, -9.13672, 38.73617",8,2023-08-04,-9.13672,38.73617
484,484,484 - Rua Professor Vieira de Almeida,A,19,22,0.86,active,2023-08-04 08:35:10,"-9.16658, 38.76081, -9.16658, 38.76081",8,2023-08-04,-9.16658,38.76081
219,219,219 - Praça do Município,A,0,22,0.0,repair,2023-08-04 08:35:31,"-9.13951, 38.70797, -9.13951, 38.70797",8,2023-08-04,-9.13951,38.70797
305,305,305 - Avenida da Liberdade / Rua Barata Salgueiro,A,0,16,0.0,repair,2023-08-04 08:35:31,"-9.147, 38.72228, -9.147, 38.72228",8,2023-08-04,-9.147,38.72228
306,306,306 - Avenida da Liberdade / Rua Alexandre Herculano,A,0,16,0.0,repair,2023-08-04 08:35:31,"-9.14854, 38.72281, -9.14854, 38.72281",8,2023-08-04,-9.14854,38.72281
487,487,487 - Rua Professor João Barreira,B,11,14,0.79,active,2023-08-04 08:35:11,"-9.17096, 38.76136, -9.17096, 38.76136",8,2023-08-04,-9.17096,38.76136
488,488,488 - Rua Fernando Namora / Rua António Quadros,B,14,20,0.7,active,2023-08-04 08:35:11,"-9.17526, 38.76014, -9.17526, 38.76014",8,2023-08-04,-9.17526,38.76014
307,307,307 - Marquês de Pombal,A,0,33,0.0,repair,2023-08-04 08:35:32,"-9.149334, 38.724954, -9.149334, 38.724954",8,2023-08-04,-9.149334,38.724954
308,308,308 - Marquês de Pombal,A,0,11,0.0,repair,2023-08-04 08:35:32,"-9.14969, 38.7246, -9.14969, 38.7246",8,2023-08-04,-9.14969,38.7246
419,419,419 - Av. António José de Almeida / Instituto Superior Técnico,B,5,25,0.2,active,2023-08-04 08:35:12,"-9.13956, 38.73811, -9.13956, 38.73811",8,2023-08-04,-9.13956,38.73811
432,432,432 - Praça de Londres,B,9,10,0.9,active,2023-08-04 08:35:12,"-9.1377, 38.7407, -9.1377, 38.7407",8,2023-08-04,-9.1377,38.7407
401,401,401 - Rua Martens Ferrão / Av. Fontes Pereira de Melo,B,0,16,0.0,repair,2023-08-04 08:35:32,"-9.14742, 38.72894, -9.14742, 38.72894",8,2023-08-04,-9.14742,38.72894
433,433,433 - Av. Paris / Av. Almirante Reis,B,7,14,0.5,active,2023-08-04 08:35:13,"-9.13409, 38.74095, -9.13409, 38.74095",8,2023-08-04,-9.13409,38.74095
112,112,112 - Alameda dos Oceanos / Passeio das Garças,B,0,14,0.0,repair,2023-08-04 08:35:33,"-9.09622, 38.78069, -9.09622, 38.78069",8,2023-08-04,-9.09622,38.78069
206,206,206 - Av. Brasília / Doca de Alcântara,A,1,22,0.05,active,2023-08-04 08:35:14,"-9.17502, 38.70141, -9.17502, 38.70141",8,2023-08-04,-9.17502,38.70141
461,461,461 - Rua Professora Teresa Ambrósio,B,11,32,0.34,active,2023-08-04 08:35:15,"-9.155564, 38.749141, -9.155564, 38.749141",8,2023-08-04,-9.155564,38.749141
477,477,477 - Alameda da Universidade / Faculdade de Direito,B,8,24,0.33,active,2023-08-04 08:35:17,"-9.15671, 38.75264, -9.15671, 38.75264",8,2023-08-04,-9.15671,38.75264
552,552,552 - Alameda das Linhas de Torres / Hospital Puli,A,7,12,0.58,active,2023-08-04 08:35:19,"-9.157335, 38.766075, -9.157335, 38.766075",8,2023-08-04,-9.157335,38.766075
555,555,555 - Alameda das Linhas de Torres,A,25,33,0.76,active,2023-08-04 08:35:22,"-9.160248, 38.770657, -9.160248, 38.770657",8,2023-08-04,-9.160248,38.770657
151,151,151 - Rua Contra Almirante Ferraz / Escola Sec.António Damásio,A,9,24,0.38,active,2023-08-04 08:35:22,"-9.108728, 38.770434, -9.108728, 38.770434",8,2023-08-04,-9.108728,38.770434
366,366,366 - Palacio da justiça,A,0,30,0.0,repair,2023-08-04 08:35:34,"-9.156435, 38.731134, -9.156435, 38.731134",8,2023-08-04,-9.156435,38.731134
312,312,312 - Rua Álvaro Coutinho / Avenida Almirante Reis,A,5,18,0.28,active,2023-08-04 08:35:23,"-9.134802, 38.724869, -9.134802, 38.724869",8,2023-08-04,-9.134802,38.724869
361,361,361 - Amoreiras Shopping Center,A,0,31,0.0,repair,2023-08-04 08:35:34,"-9.160992, 38.72392, -9.160992, 38.72392",8,2023-08-04,-9.160992,38.72392
362,362,362 - Avenida Eng. Duarte Pacheco,A,0,40,0.0,repair,2023-08-04 08:35:34,"-9.159469, 38.72437, -9.159469, 38.72437",8,2023-08-04,-9.159469,38.72437
508,508,508 - Estação de Comboios de Benfica,A,11,23,0.48,active,2023-08-04 08:35:23,"-9.200039, 38.74473, -9.200039, 38.74473",8,2023-08-04,-9.200039,38.74473
518,518,518 - Avenida das Nações Unidas / Azinhaga da Torre do Fato,A,6,20,0.3,active,2023-08-04 08:35:24,"-9.177955, 38.764097, -9.177955, 38.764097",8,2023-08-04,-9.177955,38.764097
238,238,238 - Rua de Cascais / Alcântara Mar,A,7,23,0.3,active,2023-08-04 08:35:24,"-9.175234, 38.702936, -9.175234, 38.702936",8,2023-08-04,-9.175234,38.702936
364,364,364 -Rua D.francisco M. de melo / Rua artilharia 1,A,0,14,0.0,repair,2023-08-04 08:35:34,"-9.159369, 38.728263, -9.159369, 38.728263",8,2023-08-04,-9.159369,38.728263
363,363,363 - Rua de campolide / Rua marques da fronteira,A,0,14,0.0,repair,2023-08-04 08:35:34,"-9.162216, 38.727094, -9.162216, 38.727094",8,2023-08-04,-9.162216,38.727094
519,519,519 - Rua Prof. Pulido Valente / Rua Prof. Mário ,A,12,25,0.48,active,2023-08-04 08:35:24,"-9.1691, 38.763204, -9.1691, 38.763204",8,2023-08-04,-9.1691,38.763204
520,520,520 - Lispolis,A,15,23,0.65,active,2023-08-04 08:35:26,"-9.182513, 38.766995, -9.182513, 38.766995",8,2023-08-04,-9.182513,38.766995
237,237,237 - Avenida da India / Praca das Industrias,A,2,30,0.07,active,2023-08-04 08:35:26,"-9.182262, 38.699093, -9.182262, 38.699093",8,2023-08-04,-9.182262,38.699093
436,436,436 - Instituto Português de Oncologia,A,6,17,0.35,active,2023-08-04 08:35:26,"-9.162447, 38.739395, -9.162447, 38.739395",8,2023-08-04,-9.162447,38.739395
232,232,232 - Avenida da Índia / Centro de Arqueologia de Lisboa,A,0,22,0.0,repair,2023-08-04 08:35:34,"-9.212149, 38.694155, -9.212149, 38.694155",8,2023-08-04,-9.212149,38.694155
215,215,215 - Av. 24 de Julho,B,5,17,0.29,active,2023-08-04 08:35:14,"-9.14949, 38.70662, -9.14949, 38.70662",8,2023-08-04,-9.14949,38.70662
513,513,513 - Rua Guiomar Torresão/Metro de Carnide,A,4,20,0.2,active,2023-08-04 08:35:26,"-9.19216, 38.758691, -9.19216, 38.758691",8,2023-08-04,-9.19216,38.758691
222,222,222 - Praça da Figueira,A,0,30,0.0,repair,2023-08-04 08:35:33,"-9.13828, 38.71383, -9.13828, 38.71383",8,2023-08-04,-9.13828,38.71383
211,211,211 - Doca da Marinha,A,0,40,0.0,repair,2023-08-04 08:35:35,"-9.132463, 38.707751, -9.132463, 38.707751",8,2023-08-04,-9.132463,38.707751
150,150,150 - Avenida Dr. Francisco Luis Gomes / Go Fit,A,11,17,0.65,active,2023-08-04 08:35:18,"-9.111745, 38.769665, -9.111745, 38.769665",8,2023-08-04,-9.111745,38.769665
516,516,516 - Rua Professor Carlos Teixeira / Rua Professor Simões Raposo,A,12,16,0.75,active,2023-08-04 08:35:27,"-9.174872, 38.76217, -9.174872, 38.76217",8,2023-08-04,-9.174872,38.76217
135,135,135 - Avenida Cidade de Lourenço Marques / Vale do,A,2,20,0.1,active,2023-08-04 08:35:20,"-9.118689, 38.764067, -9.118689, 38.764067",8,2023-08-04,-9.118689,38.764067
514,514,514 - Avenida do Colegio Militar / Rua Adelaide Cabete,A,2,17,0.12,active,2023-08-04 08:35:25,"-9.185588, 38.75736, -9.185588, 38.75736",8,2023-08-04,-9.185588,38.75736
242,242,242 - Avenida Torre de Belém / Avenida do Restelo,A,0,19,0.0,repair,2023-08-04 08:35:34,"-9.214206, 38.699318, -9.214206, 38.699318",8,2023-08-04,-9.214206,38.699318
