id_expl,id_planeamento,desig_comercial,tipo_servico_niveis,num_bicicletas,num_docas,racio,estado,update_date,bbox,update_date_hour,update_date_only,longitude,latitude
388,388,109 - Alameda dos Oceanos / Rua Ilha dos Amores,B,11,14,0.79,repair,2023-04-20 01:45:45,"-9.094672, 38.777589, -9.094672, 38.777589",1,2023-04-20,-9.094672,38.777589
210,210,238 - Rua de Cascais / Alcântara Mar,A,0,0,0.0,repair,2022-04-07 11:56:26,"-9.175234, 38.702936, -9.175234, 38.702936",11,2022-04-07,-9.175234,38.702936
351,351,352 - Rua Tomás da Anunciação / Rua Almeida e S.,,0,17,0.0,repair,2022-07-13 15:45:51,"-9.165653, 38.717313, -9.165653, 38.717313",15,2022-07-13,-9.165653,38.717313
102,102,102 - Porta do Mar,B,11,14,0.79,active,2023-05-13 06:20:02,"-9.096439, 38.759156, -9.096439, 38.759156",6,2023-05-13,-9.096439,38.759156
106,106,106 - Jardim Garcia da Orta,B,4,14,0.29,active,2023-05-13 06:20:03,"-9.092506, 38.769459, -9.092506, 38.769459",6,2023-05-13,-9.092506,38.769459
486,486,486 - Rua Hermano Neves / Rua José Escada,B,2,14,0.14,active,2023-05-13 06:20:17,"-9.16985, 38.75954, -9.16985, 38.75954",6,2023-05-13,-9.16985,38.75954
107,107,107 - Rotunda dos Vice-Reis,B,2,14,0.14,active,2023-05-13 06:20:03,"-9.095416, 38.774505, -9.095416, 38.774505",6,2023-05-13,-9.095416,38.774505
212,212,212 - Av. Infante Dom Henrique / Terminal de Cruzeiros,B,8,20,0.4,active,2023-05-13 06:20:20,"-9.12769, 38.71035, -9.12769, 38.71035",6,2023-05-13,-9.12769,38.71035
108,108,108 - Rua do Bojador,B,11,14,0.79,active,2023-05-13 06:20:03,"-9.09235, 38.774289, -9.09235, 38.774289",6,2023-05-13,-9.09235,38.774289
490,490,490 - Rua Fernando Namora / Azinhaga da Torre do Fato,A,4,16,0.25,active,2023-05-13 06:20:20,"-9.17849, 38.76026, -9.17849, 38.76026",6,2023-05-13,-9.17849,38.76026
216,216,216 - Praça D. Luís I,A,7,21,0.33,active,2023-05-13 06:20:21,"-9.14655, 38.70663, -9.14655, 38.70663",6,2023-05-13,-9.14655,38.70663
479,479,479 - Rua Professor Oliveira Marques,B,1,13,0.08,active,2023-05-13 06:20:26,"-9.15724, 38.75491, -9.15724, 38.75491",6,2023-05-13,-9.15724,38.75491
133,133,133 - Rua Cidade de Benguela / Avenida Cidade de L,A,1,18,0.06,active,2023-05-13 06:20:28,"-9.110724, 38.76503, -9.110724, 38.76503",6,2023-05-13,-9.110724,38.76503
137,137,137 - Rua Cidade de Bissau (entrada SPACIO),A,9,33,0.27,active,2023-05-13 06:20:30,"-9.114505, 38.762829, -9.114505, 38.762829",6,2023-05-13,-9.114505,38.762829
235,235,235 - Avenida da India / Travessa da Galeotas,A,0,30,0.0,repair,2023-05-13 06:20:38,"-9.192735, 38.697187, -9.192735, 38.697187",6,2023-05-13,-9.192735,38.697187
442,442,442 - Campo Pequeno,A,3,16,0.19,active,2023-05-13 06:20:06,"-9.14523, 38.743371, -9.14523, 38.743371",6,2023-05-13,-9.14523,38.743371
462,462,462 - Campo Grande / Biblioteca Nacional,B,10,29,0.34,active,2023-05-13 06:20:21,"-9.15031, 38.75027, -9.15031, 38.75027",6,2023-05-13,-9.15031,38.75027
483,483,483 - Rua Professor Francisco Lucas Pires ,B,4,15,0.27,active,2023-05-13 06:20:21,"-9.16405, 38.75939, -9.16405, 38.75939",6,2023-05-13,-9.16405,38.75939
480,480,480 - Faculdade de Ciências,B,6,25,0.24,active,2023-05-13 06:20:26,"-9.15503, 38.75587, -9.15503, 38.75587",6,2023-05-13,-9.15503,38.75587
550,550,550 - Rua Fernando Curado Ribeiro / Alameda das Li,A,13,20,0.65,active,2023-05-13 06:20:28,"-9.156487, 38.760871, -9.156487, 38.760871",6,2023-05-13,-9.156487,38.760871
314,314,314 - Rua Marques da Silva / Rua António Pedro,A,7,12,0.58,active,2023-05-13 06:20:31,"-9.135675, 38.729657, -9.135675, 38.729657",6,2023-05-13,-9.135675,38.729657
209,209,209 - Ribeira das Naus,A,0,27,0.0,repair,2023-05-13 06:20:39,"-9.141466, 38.705954, -9.141466, 38.705954",6,2023-05-13,-9.141466,38.705954
430,430,430 - Av. Barbosa Du Bocage / Rua Arco do Cego,B,1,20,0.05,active,2023-05-13 06:20:07,"-9.14329, 38.74081, -9.14329, 38.74081",6,2023-05-13,-9.14329,38.74081
410,410,410 - Rua da Mesquita / Universidade Nova de Lisboa,B,2,40,0.05,active,2023-05-13 06:20:22,"-9.16015, 38.73492, -9.16015, 38.73492",6,2023-05-13,-9.16015,38.73492
301,301,301 - Avenida da Liberdade / Restauradores,A,3,21,0.14,active,2023-05-13 06:20:23,"-9.14242, 38.71702, -9.14242, 38.71702",6,2023-05-13,-9.14242,38.71702
311,311,311 - Avenida Almirante Reis Nº14,A,8,11,0.73,active,2023-05-13 06:20:31,"-9.135295, 38.721721, -9.135295, 38.721721",6,2023-05-13,-9.135295,38.721721
315,315,315 - Rua Passos Manuel/ Jardim Constantino,A,7,20,0.35,active,2023-05-13 06:20:31,"-9.136968, 38.731264, -9.136968, 38.731264",6,2023-05-13,-9.136968,38.731264
517,517,517 - Rua Padre Américo,A,7,19,0.37,active,2023-05-13 06:20:35,"-9.180437, 38.763505, -9.180437, 38.763505",6,2023-05-13,-9.180437,38.763505
506,506,506 - Rua Tenente Coronel Reibeiro dos Reis/Rua Conde de Almoster,A,0,17,0.0,repair,2023-05-13 06:20:39,"-9.190028, 38.745181, -9.190028, 38.745181",6,2023-05-13,-9.190028,38.745181
104,104,104 - Gare do Oriente,A,18,40,0.45,active,2023-05-13 06:20:01,"-9.097322, 38.766716, -9.097322, 38.766716",6,2023-05-13,-9.097322,38.766716
450,450,450 - Rua Alfredo Cortês,B,7,10,0.7,active,2023-05-13 06:20:08,"-9.14399, 38.74626, -9.14399, 38.74626",6,2023-05-13,-9.14399,38.74626
407,407,407 - Praça Duque de Saldanha,A,3,17,0.18,active,2023-05-13 06:20:12,"-9.14446, 38.73434, -9.14446, 38.73434",6,2023-05-13,-9.14446,38.73434
456,456,456 - Entrecampos / Av. das Forças Armadas,A,13,41,0.32,active,2023-05-13 06:20:24,"-9.14872, 38.74877, -9.14872, 38.74877",6,2023-05-13,-9.14872,38.74877
475,475,475 - Av. Professor Gama Pinto / Cantina Velha,B,3,41,0.07,active,2023-05-13 06:20:26,"-9.15907, 38.75115, -9.15907, 38.75115",6,2023-05-13,-9.15907,38.75115
316,316,316 - Rua António Pedro / Rua Pascoal de Melo,A,5,14,0.36,active,2023-05-13 06:20:32,"-9.135356, 38.731424, -9.135356, 38.731424",6,2023-05-13,-9.135356,38.731424
553,553,553 - Rua Luis Pastor de Macedo / Rua Tobis Portuguesa,A,12,12,1.0,active,2023-05-13 06:20:33,"-9.15535, 38.767114, -9.15535, 38.767114",6,2023-05-13,-9.15535,38.767114
417,417,417 - Av. Duque de Ávila / Jardim Arco Do Cego,A,5,23,0.22,active,2023-05-13 06:20:09,"-9.142703, 38.735352, -9.142703, 38.735352",6,2023-05-13,-9.142703,38.735352
443,443,443 - Av. de Roma / Fórum Lisboa,B,4,14,0.29,active,2023-05-13 06:20:18,"-9.13866, 38.74351, -9.13866, 38.74351",6,2023-05-13,-9.13866,38.74351
476,476,476 - Av. Professor Gama Pinto / Reitoria,B,8,23,0.35,active,2023-05-13 06:20:27,"-9.15885, 38.75231, -9.15885, 38.75231",6,2023-05-13,-9.15885,38.75231
556,556,556 - Alamedas das Linhas de Torres / Estrada da T,A,9,11,0.82,active,2023-05-13 06:20:29,"-9.161462, 38.773489, -9.161462, 38.773489",6,2023-05-13,-9.161462,38.773489
551,551,551 - Rua Francisco Stromp / Alameda das Linhas de,A,15,20,0.75,active,2023-05-13 06:20:29,"-9.157235, 38.762584, -9.157235, 38.762584",6,2023-05-13,-9.157235,38.762584
130,130,130 - Avenida Berlim / Rua Américo Jesus Fernandes,A,8,20,0.4,active,2023-05-13 06:20:32,"-9.106858, 38.767761, -9.106858, 38.767761",6,2023-05-13,-9.106858,38.767761
365,365,365 - Rua Castilho / Rua Marquês da Fronteira,A,4,30,0.13,active,2023-05-13 06:20:34,"-9.157531, 38.729724, -9.157531, 38.729724",6,2023-05-13,-9.157531,38.729724
485,485,485 - Rua Tomás da Fonseca / Rua António Albino Machado,B,10,10,1.0,active,2023-05-13 06:20:15,"-9.17, 38.756, -9.17, 38.756",6,2023-05-13,-9.17,38.756
113,113,113 - Alameda dos Oceanos/ Passeio do Levante,B,13,14,0.93,active,2023-05-13 06:20:23,"-9.09825, 38.78414, -9.09825, 38.78414",6,2023-05-13,-9.09825,38.78414
478,478,478 - Alameda da Universidade / Faculdade de Letras,B,0,32,0.0,active,2023-05-13 06:20:27,"-9.15717, 38.75359, -9.15717, 38.75359",6,2023-05-13,-9.15717,38.75359
223,223,223 - Praça do Rossio,A,6,21,0.29,active,2023-05-13 06:20:30,"-9.138952, 38.713112, -9.138952, 38.713112",6,2023-05-13,-9.138952,38.713112
510,510,510 - Largo da Revista Militar / Avenida do Colégio Militar,A,6,17,0.35,active,2023-05-13 06:20:35,"-9.189058, 38.752892, -9.189058, 38.752892",6,2023-05-13,-9.189058,38.752892
521,521,521 - Rua César de Oliveira / Rua Fernando Lopes Graça,A,16,22,0.73,active,2023-05-13 06:20:37,"-9.17386, 38.769044, -9.17386, 38.769044",6,2023-05-13,-9.17386,38.769044
435,435,435 - Interface de Sete Rios,A,6,43,0.14,active,2023-05-13 06:20:38,"-9.166955, 38.740579, -9.166955, 38.740579",6,2023-05-13,-9.166955,38.740579
309,309,309 - Rua da Palma,B,9,10,0.9,active,2023-05-13 06:20:15,"-9.13577, 38.71901, -9.13577, 38.71901",6,2023-05-13,-9.13577,38.71901
225,225,225 - Martim Moniz,A,2,16,0.13,active,2023-05-13 06:20:18,"-9.13694, 38.71526, -9.13694, 38.71526",6,2023-05-13,-9.13694,38.71526
134,134,134 - Praça Cidade do Luso,A,3,20,0.15,active,2023-05-13 06:20:27,"-9.116342, 38.765588, -9.116342, 38.765588",6,2023-05-13,-9.116342,38.765588
131,131,131 - Avenida de Berlim / Praça Baden Powell,A,4,21,0.19,active,2023-05-13 06:20:28,"-9.110767, 38.768137, -9.110767, 38.768137",6,2023-05-13,-9.110767,38.768137
220,220,220 - Rua do Comercio,A,1,20,0.05,active,2023-05-13 06:20:30,"-9.137125, 38.70878, -9.137125, 38.70878",6,2023-05-13,-9.137125,38.70878
105,105,105 - CC Vasco da Gama,A,19,40,0.48,active,2023-05-13 06:20:02,"-9.096222, 38.768548, -9.096222, 38.768548",6,2023-05-13,-9.096222,38.768548
304,304,304 - Avenida da Liberdade / São Jorge,A,1,16,0.06,active,2023-05-13 06:20:16,"-9.14637, 38.72026, -9.14637, 38.72026",6,2023-05-13,-9.14637,38.72026
132,132,132 - Avenida de Berlim / Rua Cidade de Cabinda,A,2,25,0.08,active,2023-05-13 06:20:27,"-9.11255, 38.76829, -9.11255, 38.76829",6,2023-05-13,-9.11255,38.76829
554,554,554 - Alameda das Linhas de Torres / Rua Ladislau,A,24,27,0.89,active,2023-05-13 06:20:29,"-9.158298, 38.768683, -9.158298, 38.768683",6,2023-05-13,-9.158298,38.768683
226,226,226 - Rua dos Fanqueiros,A,12,13,0.92,active,2023-05-13 06:20:30,"-9.136456, 38.711888, -9.136456, 38.711888",6,2023-05-13,-9.136456,38.711888
101,101,101 - Alameda dos Oceanos / Rua dos Argonautas,A,6,16,0.38,active,2023-05-13 06:20:02,"-9.096804, 38.756161, -9.096804, 38.756161",6,2023-05-13,-9.096804,38.756161
114,114,114 - Via do Oriente,B,10,10,1.0,active,2023-05-13 06:20:18,"-9.09974, 38.78836, -9.09974, 38.78836",6,2023-05-13,-9.09974,38.78836
139,139,139 - Rua Cidade de Bissau (Metro Olivais),A,6,25,0.24,active,2023-05-13 06:20:30,"-9.111596, 38.76134, -9.111596, 38.76134",6,2023-05-13,-9.111596,38.76134
221,221,221 - Rua do Crucifixo / Rua São Nicolau,A,3,15,0.2,active,2023-05-13 06:20:32,"-9.138828, 38.710191, -9.138828, 38.710191",6,2023-05-13,-9.138828,38.710191
352,352,352 - Rua Tomás da Anunciação / Rua Almeida e S.,A,12,17,0.71,active,2023-05-13 06:20:36,"-9.165653, 38.717313, -9.165653, 38.717313",6,2023-05-13,-9.165653,38.717313
103,103,103 - Jardim da Água,B,11,20,0.55,active,2023-05-13 06:20:02,"-9.095019, 38.761218, -9.095019, 38.761218",6,2023-05-13,-9.095019,38.761218
224,224,224 - Martim Moniz,A,14,22,0.64,active,2023-05-13 06:20:18,"-9.13651, 38.71498, -9.13651, 38.71498",6,2023-05-13,-9.13651,38.71498
313,313,313 - Rua Frei Francisco Foreiro / Rua de Arroios,A,2,14,0.14,active,2023-05-13 06:20:31,"-9.135956, 38.728049, -9.135956, 38.728049",6,2023-05-13,-9.135956,38.728049
509,509,509 - Centro Comercial Fonte Nova,A,14,17,0.82,active,2023-05-13 06:20:37,"-9.190007, 38.748901, -9.190007, 38.748901",6,2023-05-13,-9.190007,38.748901
437,437,437 - Avenida Columbano Bordalo Pinheiro / Rua de Campolide,A,0,17,0.0,repair,2023-05-13 06:20:39,"-9.166589, 38.739427, -9.166589, 38.739427",6,2023-05-13,-9.166589,38.739427
110,110,110 - Rua de Moscavide,B,5,18,0.28,active,2023-05-13 06:20:03,"-9.097068, 38.778466, -9.097068, 38.778466",6,2023-05-13,-9.097068,38.778466
218,218,218 - Cais do Sodré,A,4,22,0.18,active,2023-05-13 06:20:20,"-9.14471, 38.70617, -9.14471, 38.70617",6,2023-05-13,-9.14471,38.70617
507,507,507 - Rua José dos Santos Pereira / Rua Conde de Almoster,A,7,17,0.41,active,2023-05-13 06:20:36,"-9.193024, 38.744727, -9.193024, 38.744727",6,2023-05-13,-9.193024,38.744727
452,452,452 - Rua Teixeira de Pascoais / Rua Dr. Gama Barros,B,8,10,0.8,active,2023-05-13 06:20:03,"-9.136681, 38.747751, -9.136681, 38.747751",6,2023-05-13,-9.136681,38.747751
214,214,214 - Largo de Santos,A,4,24,0.17,active,2023-05-13 06:20:22,"-9.15424, 38.70673, -9.15424, 38.70673",6,2023-05-13,-9.15424,38.70673
457,457,457 - Rua Aboim Ascensão,B,7,10,0.7,active,2023-05-13 06:20:04,"-9.14722, 38.74975, -9.14722, 38.74975",6,2023-05-13,-9.14722,38.74975
208,208,208 - Cais das Pombas,A,15,22,0.68,active,2023-05-13 06:20:22,"-9.14373, 38.70523, -9.14373, 38.70523",6,2023-05-13,-9.14373,38.70523
481,481,481 - Campo Grande / Museu da Cidade,B,14,20,0.7,active,2023-05-13 06:20:04,"-9.156169, 38.758207, -9.156169, 38.758207",6,2023-05-13,-9.156169,38.758207
205,205,205 - Av. Brasília / Cordoaria,B,2,10,0.2,active,2023-05-13 06:20:24,"-9.188, 38.697, -9.188, 38.697",6,2023-05-13,-9.188,38.697
464,464,464 - Av. da Igreja / Rua Afonso Lopes Vieira,B,4,14,0.29,active,2023-05-13 06:20:05,"-9.148427, 38.75165, -9.148427, 38.75165",6,2023-05-13,-9.148427,38.75165
203,203,203 - Padrão dos Descobrimentos,A,1,22,0.05,active,2023-05-13 06:20:25,"-9.20633, 38.6935, -9.20633, 38.6935",6,2023-05-13,-9.20633,38.6935
414,414,414 - Av. Duque de Ávila / Rua Pinheiro Chagas,B,0,19,0.0,active,2023-05-13 06:20:05,"-9.151, 38.735, -9.151, 38.735",6,2023-05-13,-9.151,38.735
213,213,213 - Av. Infante Dom Henrique / Santa Apolónia,A,21,32,0.66,active,2023-05-13 06:20:25,"-9.122548, 38.713416, -9.122548, 38.713416",6,2023-05-13,-9.122548,38.713416
468,468,468 - Largo Frei Heitor Pinto,B,10,21,0.48,active,2023-05-13 06:20:05,"-9.13827, 38.75482, -9.13827, 38.75482",6,2023-05-13,-9.13827,38.75482
310,310,310 - Rua Pina Manique / Largo do Intendente ,A,12,17,0.71,active,2023-05-13 06:20:33,"-9.134847, 38.720733, -9.134847, 38.720733",6,2023-05-13,-9.134847,38.720733
431,431,431 - Rua do Arco Cego / Av. Magalhães Lima,B,4,14,0.29,active,2023-05-13 06:20:06,"-9.14199, 38.73937, -9.14199, 38.73937",6,2023-05-13,-9.14199,38.73937
109,109,109 - Alameda dos Oceanos / Rua Ilha dos Amores,,3,14,0.21,active,2023-05-13 06:20:38,"-9.094686, 38.777548, -9.094686, 38.777548",6,2023-05-13,-9.094686,38.777548
412,412,412 - Av. Ressano Garcia / Av. António Augusto de Aguiar,B,0,16,0.0,active,2023-05-13 06:20:06,"-9.1546, 38.73448, -9.1546, 38.73448",6,2023-05-13,-9.1546,38.73448
426,426,426 - Av. Elias Garcia / Av. 5 de Outubro,B,4,14,0.29,active,2023-05-13 06:20:07,"-9.14793, 38.739046, -9.14793, 38.739046",6,2023-05-13,-9.14793,38.739046
449,449,449 - Av. 5 de Outubro / Rua da Cruz Vermelha,B,5,14,0.36,active,2023-05-13 06:20:07,"-9.150085, 38.746836, -9.150085, 38.746836",6,2023-05-13,-9.150085,38.746836
460,460,460 - Av. Rio de Janeiro / Parque de Jogos 1º de Maio,B,10,15,0.67,active,2023-05-13 06:20:08,"-9.13749, 38.75176, -9.13749, 38.75176",6,2023-05-13,-9.13749,38.75176
472,472,472 - Rua Marquês Soveral / ES Padre António Vieira,B,4,14,0.29,active,2023-05-13 06:20:08,"-9.13608, 38.75784, -9.13608, 38.75784",6,2023-05-13,-9.13608,38.75784
415,415,415 - Av. Duque de Ávila / Av. Conde Valbom,B,6,20,0.3,active,2023-05-13 06:20:09,"-9.148443, 38.735188, -9.148443, 38.735188",6,2023-05-13,-9.148443,38.735188
413,413,413 - Av. Ressano Garcia / Av. António Augusto de Aguiar,B,1,10,0.1,active,2023-05-13 06:20:10,"-9.15425, 38.73432, -9.15425, 38.73432",6,2023-05-13,-9.15425,38.73432
453,453,453 - Av. Roma / Av. EUA,B,6,14,0.43,active,2023-05-13 06:20:10,"-9.14207, 38.74873, -9.14207, 38.74873",6,2023-05-13,-9.14207,38.74873
473,473,473 - Av. do Brasil / Av. de Roma,B,5,14,0.36,active,2023-05-13 06:20:11,"-9.14697, 38.75643, -9.14697, 38.75643",6,2023-05-13,-9.14697,38.75643
459,459,459 - Rua Maria Amália Vaz de Carvalho / ES Rainha D. Leonor,B,9,20,0.45,active,2023-05-13 06:20:11,"-9.141741, 38.751481, -9.141741, 38.751481",6,2023-05-13,-9.141741,38.751481
423,423,423 - Av. Conde Valbom / Rua Marquês Sá da Bandeira,B,5,10,0.5,active,2023-05-13 06:20:11,"-9.152295, 38.737911, -9.152295, 38.737911",6,2023-05-13,-9.152295,38.737911
474,474,474 - Av. do Brasil / Av. Rio de Janeiro,A,13,15,0.87,active,2023-05-13 06:20:11,"-9.1409, 38.75832, -9.1409, 38.75832",6,2023-05-13,-9.1409,38.75832
463,463,463 - Campo Grande / Av. da Igreja,B,5,10,0.5,active,2023-05-13 06:20:11,"-9.14951, 38.75243, -9.14951, 38.75243",6,2023-05-13,-9.14951,38.75243
408,408,408 - Praça Duque de Saldanha,A,1,10,0.1,active,2023-05-13 06:20:12,"-9.144117, 38.733749, -9.144117, 38.733749",6,2023-05-13,-9.144117,38.733749
406,406,406 - Praça Duque de Saldanha,A,9,17,0.53,active,2023-05-13 06:20:12,"-9.145341, 38.734247, -9.145341, 38.734247",6,2023-05-13,-9.145341,38.734247
428,428,428 - Av. República / Avenida Barbosa Du Bocage,A,1,12,0.08,active,2023-05-13 06:20:12,"-9.14684, 38.74047, -9.14684, 38.74047",6,2023-05-13,-9.14684,38.74047
427,427,427 - Av. República / Av. Visconde Valmor,A,1,12,0.08,active,2023-05-13 06:20:13,"-9.14617, 38.73812, -9.14617, 38.73812",6,2023-05-13,-9.14617,38.73812
446,446,446 - Av. República / Interface Entrecampos ,A,16,40,0.4,active,2023-05-13 06:20:13,"-9.14773, 38.74456, -9.14773, 38.74456",6,2023-05-13,-9.14773,38.74456
403,403,403 - Av. Fontes Pereira de Melo,B,3,20,0.15,active,2023-05-13 06:20:13,"-9.146522, 38.731698, -9.146522, 38.731698",6,2023-05-13,-9.146522,38.731698
416,416,416 - Av. República / Avenida Duque de Ávila,A,1,16,0.06,active,2023-05-13 06:20:13,"-9.14553, 38.735304, -9.14553, 38.735304",6,2023-05-13,-9.14553,38.735304
471,471,471 - Rua Lopes de Mendonça / EB São João de Brito,B,7,10,0.7,active,2023-05-13 06:20:13,"-9.137337, 38.756487, -9.137337, 38.756487",6,2023-05-13,-9.137337,38.756487
115,115,115 - Passeio dos Heróis do Mar / Rua Capitão Cook,A,17,29,0.59,active,2023-05-13 06:20:14,"-9.09781, 38.793, -9.09781, 38.793",6,2023-05-13,-9.09781,38.793
421,421,421 - Alameda D. Afonso Henriques,A,13,20,0.65,active,2023-05-13 06:20:14,"-9.13416, 38.73736, -9.13416, 38.73736",6,2023-05-13,-9.13416,38.73736
420,420,420 - Av. Rovisco Pais / Av. Manuel da Maia,B,6,26,0.23,active,2023-05-13 06:20:14,"-9.13672, 38.73617, -9.13672, 38.73617",6,2023-05-13,-9.13672,38.73617
484,484,484 - Rua Professor Vieira de Almeida,A,10,22,0.45,active,2023-05-13 06:20:14,"-9.16658, 38.76081, -9.16658, 38.76081",6,2023-05-13,-9.16658,38.76081
219,219,219 - Praça do Município,A,8,22,0.36,active,2023-05-13 06:20:15,"-9.13951, 38.70797, -9.13951, 38.70797",6,2023-05-13,-9.13951,38.70797
305,305,305 - Avenida da Liberdade / Rua Barata Salgueiro,A,2,16,0.13,active,2023-05-13 06:20:16,"-9.147, 38.72228, -9.147, 38.72228",6,2023-05-13,-9.147,38.72228
306,306,306 - Avenida da Liberdade / Rua Alexandre Herculano,A,2,16,0.13,active,2023-05-13 06:20:16,"-9.14854, 38.72281, -9.14854, 38.72281",6,2023-05-13,-9.14854,38.72281
487,487,487 - Rua Professor João Barreira,B,8,14,0.57,active,2023-05-13 06:20:16,"-9.17096, 38.76136, -9.17096, 38.76136",6,2023-05-13,-9.17096,38.76136
488,488,488 - Rua Fernando Namora / Rua António Quadros,B,10,20,0.5,active,2023-05-13 06:20:17,"-9.17526, 38.76014, -9.17526, 38.76014",6,2023-05-13,-9.17526,38.76014
307,307,307 - Marquês de Pombal,A,11,33,0.33,active,2023-05-13 06:20:17,"-9.149334, 38.724954, -9.149334, 38.724954",6,2023-05-13,-9.149334,38.724954
308,308,308 - Marquês de Pombal,A,4,11,0.36,active,2023-05-13 06:20:17,"-9.14969, 38.7246, -9.14969, 38.7246",6,2023-05-13,-9.14969,38.7246
419,419,419 - Av. António José de Almeida / Instituto Superior Técnico,B,1,25,0.04,active,2023-05-13 06:20:18,"-9.13956, 38.73811, -9.13956, 38.73811",6,2023-05-13,-9.13956,38.73811
432,432,432 - Praça de Londres,B,3,10,0.3,active,2023-05-13 06:20:20,"-9.1377, 38.7407, -9.1377, 38.7407",6,2023-05-13,-9.1377,38.7407
401,401,401 - Rua Martens Ferrão / Av. Fontes Pereira de Melo,B,4,16,0.25,active,2023-05-13 06:20:22,"-9.14742, 38.72894, -9.14742, 38.72894",6,2023-05-13,-9.14742,38.72894
433,433,433 - Av. Paris / Av. Almirante Reis,B,8,14,0.57,active,2023-05-13 06:20:23,"-9.13409, 38.74095, -9.13409, 38.74095",6,2023-05-13,-9.13409,38.74095
112,112,112 - Alameda dos Oceanos / Passeio das Garças,B,10,14,0.71,active,2023-05-13 06:20:23,"-9.09622, 38.78069, -9.09622, 38.78069",6,2023-05-13,-9.09622,38.78069
206,206,206 - Av. Brasília / Doca de Alcântara,A,2,22,0.09,active,2023-05-13 06:20:25,"-9.17502, 38.70141, -9.17502, 38.70141",6,2023-05-13,-9.17502,38.70141
461,461,461 - Rua Professora Teresa Ambrósio,B,3,32,0.09,active,2023-05-13 06:20:26,"-9.155564, 38.749141, -9.155564, 38.749141",6,2023-05-13,-9.155564,38.749141
477,477,477 - Alameda da Universidade / Faculdade de Direito,B,3,24,0.13,active,2023-05-13 06:20:27,"-9.15671, 38.75264, -9.15671, 38.75264",6,2023-05-13,-9.15671,38.75264
552,552,552 - Alameda das Linhas de Torres / Hospital Puli,A,6,12,0.5,active,2023-05-13 06:20:28,"-9.157335, 38.766075, -9.157335, 38.766075",6,2023-05-13,-9.157335,38.766075
555,555,555 - Alameda das Linhas de Torres,A,28,33,0.85,active,2023-05-13 06:20:32,"-9.160248, 38.770657, -9.160248, 38.770657",6,2023-05-13,-9.160248,38.770657
151,151,151 - Rua Contra Almirante Ferraz / Escola Sec.António Damásio,A,8,24,0.33,active,2023-05-13 06:20:32,"-9.108728, 38.770434, -9.108728, 38.770434",6,2023-05-13,-9.108728,38.770434
366,366,366 - Palacio da justiça,A,2,30,0.07,active,2023-05-13 06:20:33,"-9.156435, 38.731134, -9.156435, 38.731134",6,2023-05-13,-9.156435,38.731134
312,312,312 - Rua Álvaro Coutinho / Avenida Almirante Reis,A,11,18,0.61,active,2023-05-13 06:20:33,"-9.134802, 38.724869, -9.134802, 38.724869",6,2023-05-13,-9.134802,38.724869
361,361,361 - Amoreiras Shopping Center,A,6,31,0.19,active,2023-05-13 06:20:34,"-9.160992, 38.72392, -9.160992, 38.72392",6,2023-05-13,-9.160992,38.72392
362,362,362 - Avenida Eng. Duarte Pacheco,A,0,40,0.0,active,2023-05-13 06:20:34,"-9.159469, 38.72437, -9.159469, 38.72437",6,2023-05-13,-9.159469,38.72437
508,508,508 - Estação de Comboios de Benfica,A,17,23,0.74,active,2023-05-13 06:20:34,"-9.200039, 38.74473, -9.200039, 38.74473",6,2023-05-13,-9.200039,38.74473
518,518,518 - Avenida das Nações Unidas / Azinhaga da Torre do Fato,A,6,20,0.3,active,2023-05-13 06:20:35,"-9.177955, 38.764097, -9.177955, 38.764097",6,2023-05-13,-9.177955,38.764097
238,238,238 - Rua de Cascais / Alcântara Mar,A,9,23,0.39,active,2023-05-13 06:20:35,"-9.175234, 38.702936, -9.175234, 38.702936",6,2023-05-13,-9.175234,38.702936
364,364,364 -Rua D.francisco M. de melo / Rua artilharia 1,A,6,14,0.43,active,2023-05-13 06:20:36,"-9.159369, 38.728263, -9.159369, 38.728263",6,2023-05-13,-9.159369,38.728263
363,363,363 - Rua de campolide / Rua marques da fronteira,A,5,14,0.36,active,2023-05-13 06:20:36,"-9.162216, 38.727094, -9.162216, 38.727094",6,2023-05-13,-9.162216,38.727094
519,519,519 - Rua Prof. Pulido Valente / Rua Prof. Mário ,A,12,25,0.48,active,2023-05-13 06:20:36,"-9.1691, 38.763204, -9.1691, 38.763204",6,2023-05-13,-9.1691,38.763204
520,520,520 - Lispolis,A,13,23,0.57,active,2023-05-13 06:20:37,"-9.182513, 38.766995, -9.182513, 38.766995",6,2023-05-13,-9.182513,38.766995
237,237,237 - Avenida da India / Praca das Industrias,A,6,30,0.2,active,2023-05-13 06:20:37,"-9.182262, 38.699093, -9.182262, 38.699093",6,2023-05-13,-9.182262,38.699093
436,436,436 - Instituto Português de Oncologia,A,12,17,0.71,active,2023-05-13 06:20:38,"-9.162447, 38.739395, -9.162447, 38.739395",6,2023-05-13,-9.162447,38.739395
215,215,215 - Av. 24 de Julho,B,5,17,0.29,active,2023-05-13 06:20:24,"-9.14949, 38.70662, -9.14949, 38.70662",6,2023-05-13,-9.14949,38.70662
232,232,232 - Avenida da Índia / Centro de Arqueologia de Lisboa,A,0,22,0.0,repair,2023-05-13 06:20:38,"-9.212149, 38.694155, -9.212149, 38.694155",6,2023-05-13,-9.212149,38.694155
222,222,222 - Praça da Figueira,A,0,30,0.0,active,2023-05-13 06:20:24,"-9.13828, 38.71383, -9.13828, 38.71383",6,2023-05-13,-9.13828,38.71383
513,513,513 - Rua Guiomar Torresão/Metro de Carnide,A,0,20,0.0,repair,2023-05-13 06:20:39,"-9.19216, 38.758691, -9.19216, 38.758691",6,2023-05-13,-9.19216,38.758691
150,150,150 - Avenida Dr. Francisco Luis Gomes / Go Fit,A,12,17,0.71,active,2023-05-13 06:20:28,"-9.111745, 38.769665, -9.111745, 38.769665",6,2023-05-13,-9.111745,38.769665
211,211,211 - Doca da Marinha,A,0,40,0.0,repair,2023-05-13 06:20:39,"-9.132463, 38.707751, -9.132463, 38.707751",6,2023-05-13,-9.132463,38.707751
135,135,135 - Avenida Cidade de Lourenço Marques / Vale do,A,16,20,0.8,active,2023-05-13 06:20:29,"-9.118689, 38.764067, -9.118689, 38.764067",6,2023-05-13,-9.118689,38.764067
516,516,516 - Rua Professor Carlos Teixeira / Rua Professor Simões Raposo,A,0,16,0.0,repair,2023-05-13 06:20:39,"-9.174872, 38.76217, -9.174872, 38.76217",6,2023-05-13,-9.174872,38.76217
242,242,242 - Avenida Torre de Belém / Avenida do Restelo,A,0,19,0.0,repair,2023-05-13 06:20:39,"-9.214206, 38.699318, -9.214206, 38.699318",6,2023-05-13,-9.214206,38.699318
