id_expl,id_planeamento,desig_comercial,tipo_servico_niveis,num_bicicletas,num_docas,racio,estado,update_date,bbox,update_date_hour,update_date_only,longitude,latitude
210,210,238 - Rua de Cascais / Alcântara Mar,A,0,0,0.0,repair,2022-04-07 11:56:26,"-9.175234, 38.702936, -9.175234, 38.702936",11,2022-04-07,-9.175234,38.702936
351,351,352 - Rua Tomás da Anunciação / Rua Almeida e S.,,0,17,0.0,repair,2022-07-13 15:45:51,"-9.165653, 38.717313, -9.165653, 38.717313",15,2022-07-13,-9.165653,38.717313
104,104,104 - Gare do Oriente,A,5,40,0.13,active,2023-03-17 10:20:05,"-9.097322, 38.766716, -9.097322, 38.766716",10,2023-03-17,-9.097322,38.766716
105,105,105 - CC Vasco da Gama,A,18,40,0.45,active,2023-03-17 10:20:05,"-9.096222, 38.768548, -9.096222, 38.768548",10,2023-03-17,-9.096222,38.768548
102,102,102 - Porta do Mar,B,5,14,0.36,active,2023-03-17 10:20:05,"-9.096439, 38.759156, -9.096439, 38.759156",10,2023-03-17,-9.096439,38.759156
107,107,107 - Rotunda dos Vice-Reis,B,3,14,0.21,active,2023-03-17 10:20:06,"-9.095416, 38.774505, -9.095416, 38.774505",10,2023-03-17,-9.095416,38.774505
110,110,110 - Rua de Moscavide,B,0,18,0.0,active,2023-03-17 10:20:07,"-9.097068, 38.778466, -9.097068, 38.778466",10,2023-03-17,-9.097068,38.778466
101,101,101 - Alameda dos Oceanos / Rua dos Argonautas,A,4,16,0.25,active,2023-03-17 10:20:05,"-9.096804, 38.756161, -9.096804, 38.756161",10,2023-03-17,-9.096804,38.756161
103,103,103 - Jardim da Água,B,20,21,0.95,active,2023-03-17 10:20:05,"-9.095019, 38.761218, -9.095019, 38.761218",10,2023-03-17,-9.095019,38.761218
106,106,106 - Jardim Garcia da Orta,B,2,14,0.14,active,2023-03-17 10:20:06,"-9.092506, 38.769459, -9.092506, 38.769459",10,2023-03-17,-9.092506,38.769459
457,457,457 - Rua Aboim Ascensão,B,1,10,0.1,active,2023-03-17 10:20:07,"-9.14722, 38.74975, -9.14722, 38.74975",10,2023-03-17,-9.14722,38.74975
464,464,464 - Av. da Igreja / Rua Afonso Lopes Vieira,B,1,14,0.07,active,2023-03-17 10:20:08,"-9.148427, 38.75165, -9.148427, 38.75165",10,2023-03-17,-9.148427,38.75165
442,442,442 - Campo Pequeno,A,2,16,0.13,active,2023-03-17 10:20:09,"-9.14523, 38.743371, -9.14523, 38.743371",10,2023-03-17,-9.14523,38.743371
309,309,309 - Rua da Palma,B,6,10,0.6,active,2023-03-17 10:20:16,"-9.13577, 38.71901, -9.13577, 38.71901",10,2023-03-17,-9.13577,38.71901
401,401,401 - Rua Martens Ferrão / Av. Fontes Pereira de Melo,B,5,16,0.31,active,2023-03-17 10:20:21,"-9.14742, 38.72894, -9.14742, 38.72894",10,2023-03-17,-9.14742,38.72894
205,205,205 - Av. Brasília / Cordoaria,B,10,10,1.0,active,2023-03-17 10:20:23,"-9.188, 38.697, -9.188, 38.697",10,2023-03-17,-9.188,38.697
137,137,137 - Rua Cidade de Bissau (entrada SPACIO),A,6,33,0.18,active,2023-03-17 10:20:29,"-9.114505, 38.762829, -9.114505, 38.762829",10,2023-03-17,-9.114505,38.762829
108,108,108 - Rua do Bojador,B,6,14,0.43,active,2023-03-17 10:20:06,"-9.09235, 38.774289, -9.09235, 38.774289",10,2023-03-17,-9.09235,38.774289
430,430,430 - Av. Barbosa Du Bocage / Rua Arco do Cego,B,8,20,0.4,active,2023-03-17 10:20:09,"-9.14329, 38.74081, -9.14329, 38.74081",10,2023-03-17,-9.14329,38.74081
115,115,115 - Passeio dos Heróis do Mar / Rua Capitão Cook,A,20,29,0.69,active,2023-03-17 10:20:15,"-9.09781, 38.793, -9.09781, 38.793",10,2023-03-17,-9.09781,38.793
219,219,219 - Praça do Município,A,14,22,0.64,active,2023-03-17 10:20:16,"-9.13951, 38.70797, -9.13951, 38.70797",10,2023-03-17,-9.13951,38.70797
433,433,433 - Av. Paris / Av. Almirante Reis,B,2,14,0.14,active,2023-03-17 10:20:22,"-9.13409, 38.74095, -9.13409, 38.74095",10,2023-03-17,-9.13409,38.74095
480,480,480 - Faculdade de Ciências,B,21,25,0.84,active,2023-03-17 10:20:25,"-9.15503, 38.75587, -9.15503, 38.75587",10,2023-03-17,-9.15503,38.75587
226,226,226 - Rua dos Fanqueiros,A,12,13,0.92,active,2023-03-17 10:20:29,"-9.136456, 38.711888, -9.136456, 38.711888",10,2023-03-17,-9.136456,38.711888
151,151,151 - Rua Contra Almirante Ferraz / Escola Sec.António Damásio,A,19,24,0.79,active,2023-03-17 10:20:31,"-9.108728, 38.770434, -9.108728, 38.770434",10,2023-03-17,-9.108728,38.770434
452,452,452 - Rua Teixeira de Pascoais / Rua Dr. Gama Barros,B,0,10,0.0,active,2023-03-17 10:20:07,"-9.136681, 38.747751, -9.136681, 38.747751",10,2023-03-17,-9.136681,38.747751
426,426,426 - Av. Elias Garcia / Av. 5 de Outubro,B,7,14,0.5,active,2023-03-17 10:20:09,"-9.14793, 38.739046, -9.14793, 38.739046",10,2023-03-17,-9.14793,38.739046
421,421,421 - Alameda D. Afonso Henriques,A,12,20,0.6,active,2023-03-17 10:20:15,"-9.13416, 38.73736, -9.13416, 38.73736",10,2023-03-17,-9.13416,38.73736
304,304,304 - Avenida da Liberdade / São Jorge,A,7,16,0.44,active,2023-03-17 10:20:16,"-9.14637, 38.72026, -9.14637, 38.72026",10,2023-03-17,-9.14637,38.72026
113,113,113 - Alameda dos Oceanos/ Passeio do Levante,B,5,14,0.36,active,2023-03-17 10:20:22,"-9.09825, 38.78414, -9.09825, 38.78414",10,2023-03-17,-9.09825,38.78414
313,313,313 - Rua Frei Francisco Foreiro / Rua de Arroios,A,2,14,0.14,active,2023-03-17 10:20:30,"-9.135956, 38.728049, -9.135956, 38.728049",10,2023-03-17,-9.135956,38.728049
508,508,508 - Estação de Comboios de Benfica,A,0,23,0.0,active,2023-03-17 10:20:33,"-9.200039, 38.74473, -9.200039, 38.74473",10,2023-03-17,-9.200039,38.74473
506,506,506 - Rua Tenente Coronel Reibeiro dos Reis/Rua Conde de Almoster,A,0,17,0.0,repair,2023-03-17 10:20:38,"-9.190028, 38.745181, -9.190028, 38.745181",10,2023-03-17,-9.190028,38.745181
481,481,481 - Campo Grande / Museu da Cidade,B,8,20,0.4,active,2023-03-17 10:20:07,"-9.156169, 38.758207, -9.156169, 38.758207",10,2023-03-17,-9.156169,38.758207
449,449,449 - Av. 5 de Outubro / Rua da Cruz Vermelha,B,0,14,0.0,active,2023-03-17 10:20:09,"-9.150085, 38.746836, -9.150085, 38.746836",10,2023-03-17,-9.150085,38.746836
420,420,420 - Av. Rovisco Pais / Av. Manuel da Maia,B,6,26,0.23,active,2023-03-17 10:20:15,"-9.13672, 38.73617, -9.13672, 38.73617",10,2023-03-17,-9.13672,38.73617
301,301,301 - Avenida da Liberdade / Restauradores,A,13,21,0.62,active,2023-03-17 10:20:22,"-9.14242, 38.71702, -9.14242, 38.71702",10,2023-03-17,-9.14242,38.71702
203,203,203 - Padrão dos Descobrimentos,A,4,22,0.18,active,2023-03-17 10:20:24,"-9.20633, 38.6935, -9.20633, 38.6935",10,2023-03-17,-9.20633,38.6935
314,314,314 - Rua Marques da Silva / Rua António Pedro,A,0,12,0.0,active,2023-03-17 10:20:30,"-9.135675, 38.729657, -9.135675, 38.729657",10,2023-03-17,-9.135675,38.729657
510,510,510 - Largo da Revista Militar / Avenida do Colégio Militar,A,4,17,0.24,active,2023-03-17 10:20:34,"-9.189058, 38.752892, -9.189058, 38.752892",10,2023-03-17,-9.189058,38.752892
414,414,414 - Av. Duque de Ávila / Rua Pinheiro Chagas,B,9,19,0.47,active,2023-03-17 10:20:08,"-9.151, 38.735, -9.151, 38.735",10,2023-03-17,-9.151,38.735
450,450,450 - Rua Alfredo Cortês,B,0,10,0.0,active,2023-03-17 10:20:10,"-9.14399, 38.74626, -9.14399, 38.74626",10,2023-03-17,-9.14399,38.74626
485,485,485 - Rua Tomás da Fonseca / Rua António Albino Machado,B,1,10,0.1,active,2023-03-17 10:20:15,"-9.17, 38.756, -9.17, 38.756",10,2023-03-17,-9.17,38.756
112,112,112 - Alameda dos Oceanos / Passeio das Garças,B,2,14,0.14,active,2023-03-17 10:20:23,"-9.09622, 38.78069, -9.09622, 38.78069",10,2023-03-17,-9.09622,38.78069
130,130,130 - Avenida Berlim / Rua Américo Jesus Fernandes,A,1,20,0.05,active,2023-03-17 10:20:32,"-9.106858, 38.767761, -9.106858, 38.767761",10,2023-03-17,-9.106858,38.767761
364,364,364 -Rua D.francisco M. de melo / Rua artilharia 1,A,5,14,0.36,active,2023-03-17 10:20:35,"-9.159369, 38.728263, -9.159369, 38.728263",10,2023-03-17,-9.159369,38.728263
206,206,206 - Av. Brasília / Doca de Alcântara,A,5,22,0.23,repair,2023-03-17 10:20:37,"-9.17502, 38.70141, -9.17502, 38.70141",10,2023-03-17,-9.17502,38.70141
468,468,468 - Largo Frei Heitor Pinto,B,3,21,0.14,active,2023-03-17 10:20:08,"-9.13827, 38.75482, -9.13827, 38.75482",10,2023-03-17,-9.13827,38.75482
460,460,460 - Av. Rio de Janeiro / Parque de Jogos 1º de Maio,B,8,15,0.53,active,2023-03-17 10:20:10,"-9.13749, 38.75176, -9.13749, 38.75176",10,2023-03-17,-9.13749,38.75176
305,305,305 - Avenida da Liberdade / Rua Barata Salgueiro,A,15,16,0.94,active,2023-03-17 10:20:16,"-9.147, 38.72228, -9.147, 38.72228",10,2023-03-17,-9.147,38.72228
456,456,456 - Entrecampos / Av. das Forças Armadas,A,10,41,0.24,active,2023-03-17 10:20:23,"-9.14872, 38.74877, -9.14872, 38.74877",10,2023-03-17,-9.14872,38.74877
555,555,555 - Alameda das Linhas de Torres,A,1,33,0.03,active,2023-03-17 10:20:31,"-9.160248, 38.770657, -9.160248, 38.770657",10,2023-03-17,-9.160248,38.770657
366,366,366 - Palacio da justiça,A,4,30,0.13,active,2023-03-17 10:20:32,"-9.156435, 38.731134, -9.156435, 38.731134",10,2023-03-17,-9.156435,38.731134
520,520,520 - Lispolis,A,1,23,0.04,active,2023-03-17 10:20:36,"-9.182513, 38.766995, -9.182513, 38.766995",10,2023-03-17,-9.182513,38.766995
431,431,431 - Rua do Arco Cego / Av. Magalhães Lima,B,11,14,0.79,active,2023-03-17 10:20:08,"-9.14199, 38.73937, -9.14199, 38.73937",10,2023-03-17,-9.14199,38.73937
472,472,472 - Rua Marquês Soveral / ES Padre António Vieira,B,4,14,0.29,active,2023-03-17 10:20:10,"-9.13608, 38.75784, -9.13608, 38.75784",10,2023-03-17,-9.13608,38.75784
306,306,306 - Avenida da Liberdade / Rua Alexandre Herculano,A,14,16,0.88,active,2023-03-17 10:20:17,"-9.14854, 38.72281, -9.14854, 38.72281",10,2023-03-17,-9.14854,38.72281
479,479,479 - Rua Professor Oliveira Marques,B,10,13,0.77,active,2023-03-17 10:20:25,"-9.15724, 38.75491, -9.15724, 38.75491",10,2023-03-17,-9.15724,38.75491
221,221,221 - Rua do Crucifixo / Rua São Nicolau,A,15,15,1.0,active,2023-03-17 10:20:31,"-9.138828, 38.710191, -9.138828, 38.710191",10,2023-03-17,-9.138828,38.710191
553,553,553 - Rua Luis Pastor de Macedo / Rua Tobis Portuguesa,A,1,12,0.08,active,2023-03-17 10:20:32,"-9.15535, 38.767114, -9.15535, 38.767114",10,2023-03-17,-9.15535,38.767114
235,235,235 - Avenida da India / Travessa da Galeotas,A,0,30,0.0,repair,2023-03-17 10:20:37,"-9.192735, 38.697187, -9.192735, 38.697187",10,2023-03-17,-9.192735,38.697187
412,412,412 - Av. Ressano Garcia / Av. António Augusto de Aguiar,B,7,16,0.44,active,2023-03-17 10:20:08,"-9.1546, 38.73448, -9.1546, 38.73448",10,2023-03-17,-9.1546,38.73448
415,415,415 - Av. Duque de Ávila / Av. Conde Valbom,B,2,20,0.1,active,2023-03-17 10:20:10,"-9.148443, 38.735188, -9.148443, 38.735188",10,2023-03-17,-9.148443,38.735188
487,487,487 - Rua Professor João Barreira,B,1,14,0.07,active,2023-03-17 10:20:17,"-9.17096, 38.76136, -9.17096, 38.76136",10,2023-03-17,-9.17096,38.76136
461,461,461 - Rua Professora Teresa Ambrósio,B,31,32,0.97,active,2023-03-17 10:20:25,"-9.155564, 38.749141, -9.155564, 38.749141",10,2023-03-17,-9.155564,38.749141
365,365,365 - Rua Castilho / Rua Marquês da Fronteira,A,18,30,0.6,active,2023-03-17 10:20:33,"-9.157531, 38.729724, -9.157531, 38.729724",10,2023-03-17,-9.157531,38.729724
352,352,352 - Rua Tomás da Anunciação / Rua Almeida e S.,A,2,17,0.12,active,2023-03-17 10:20:35,"-9.165653, 38.717313, -9.165653, 38.717313",10,2023-03-17,-9.165653,38.717313
513,513,513 - Rua Guiomar Torresão/Metro de Carnide,A,0,20,0.0,repair,2023-03-17 10:20:38,"-9.19216, 38.758691, -9.19216, 38.758691",10,2023-03-17,-9.19216,38.758691
417,417,417 - Av. Duque de Ávila / Jardim Arco Do Cego,A,10,23,0.43,active,2023-03-17 10:20:11,"-9.142703, 38.735352, -9.142703, 38.735352",10,2023-03-17,-9.142703,38.735352
413,413,413 - Av. Ressano Garcia / Av. António Augusto de Aguiar,B,8,10,0.8,active,2023-03-17 10:20:11,"-9.15425, 38.73432, -9.15425, 38.73432",10,2023-03-17,-9.15425,38.73432
486,486,486 - Rua Hermano Neves / Rua José Escada,B,1,14,0.07,active,2023-03-17 10:20:17,"-9.16985, 38.75954, -9.16985, 38.75954",10,2023-03-17,-9.16985,38.75954
476,476,476 - Av. Professor Gama Pinto / Reitoria,B,6,23,0.26,active,2023-03-17 10:20:26,"-9.15885, 38.75231, -9.15885, 38.75231",10,2023-03-17,-9.15885,38.75231
518,518,518 - Avenida das Nações Unidas / Azinhaga da Torre do Fato,A,0,20,0.0,active,2023-03-17 10:20:34,"-9.177955, 38.764097, -9.177955, 38.764097",10,2023-03-17,-9.177955,38.764097
435,435,435 - Interface de Sete Rios,A,1,43,0.02,active,2023-03-17 10:20:37,"-9.166955, 38.740579, -9.166955, 38.740579",10,2023-03-17,-9.166955,38.740579
453,453,453 - Av. Roma / Av. EUA,B,1,14,0.07,active,2023-03-17 10:20:11,"-9.14207, 38.74873, -9.14207, 38.74873",10,2023-03-17,-9.14207,38.74873
488,488,488 - Rua Fernando Namora / Rua António Quadros,B,0,20,0.0,active,2023-03-17 10:20:17,"-9.17526, 38.76014, -9.17526, 38.76014",10,2023-03-17,-9.17526,38.76014
307,307,307 - Marquês de Pombal,A,25,33,0.76,active,2023-03-17 10:20:18,"-9.149334, 38.724954, -9.149334, 38.724954",10,2023-03-17,-9.149334,38.724954
478,478,478 - Alameda da Universidade / Faculdade de Letras,B,2,32,0.06,active,2023-03-17 10:20:26,"-9.15717, 38.75359, -9.15717, 38.75359",10,2023-03-17,-9.15717,38.75359
238,238,238 - Rua de Cascais / Alcântara Mar,A,11,23,0.48,active,2023-03-17 10:20:34,"-9.175234, 38.702936, -9.175234, 38.702936",10,2023-03-17,-9.175234,38.702936
363,363,363 - Rua de campolide / Rua marques da fronteira,A,3,14,0.21,active,2023-03-17 10:20:35,"-9.162216, 38.727094, -9.162216, 38.727094",10,2023-03-17,-9.162216,38.727094
473,473,473 - Av. do Brasil / Av. de Roma,B,4,14,0.29,active,2023-03-17 10:20:11,"-9.14697, 38.75643, -9.14697, 38.75643",10,2023-03-17,-9.14697,38.75643
114,114,114 - Via do Oriente,B,2,10,0.2,active,2023-03-17 10:20:18,"-9.09974, 38.78836, -9.09974, 38.78836",10,2023-03-17,-9.09974,38.78836
224,224,224 - Martim Moniz,A,13,22,0.59,active,2023-03-17 10:20:18,"-9.13651, 38.71498, -9.13651, 38.71498",10,2023-03-17,-9.13651,38.71498
477,477,477 - Alameda da Universidade / Faculdade de Direito,B,16,24,0.67,active,2023-03-17 10:20:26,"-9.15671, 38.75264, -9.15671, 38.75264",10,2023-03-17,-9.15671,38.75264
519,519,519 - Rua Prof. Pulido Valente / Rua Prof. Mário ,A,0,25,0.0,active,2023-03-17 10:20:35,"-9.1691, 38.763204, -9.1691, 38.763204",10,2023-03-17,-9.1691,38.763204
459,459,459 - Rua Maria Amália Vaz de Carvalho / ES Rainha D. Leonor,B,6,20,0.3,active,2023-03-17 10:20:11,"-9.141741, 38.751481, -9.141741, 38.751481",10,2023-03-17,-9.141741,38.751481
432,432,432 - Praça de Londres,B,2,10,0.2,active,2023-03-17 10:20:19,"-9.1377, 38.7407, -9.1377, 38.7407",10,2023-03-17,-9.1377,38.7407
134,134,134 - Praça Cidade do Luso,A,2,20,0.1,active,2023-03-17 10:20:26,"-9.116342, 38.765588, -9.116342, 38.765588",10,2023-03-17,-9.116342,38.765588
507,507,507 - Rua José dos Santos Pereira / Rua Conde de Almoster,A,3,17,0.18,active,2023-03-17 10:20:35,"-9.193024, 38.744727, -9.193024, 38.744727",10,2023-03-17,-9.193024,38.744727
423,423,423 - Av. Conde Valbom / Rua Marquês Sá da Bandeira,B,4,10,0.4,active,2023-03-17 10:20:12,"-9.152295, 38.737911, -9.152295, 38.737911",10,2023-03-17,-9.152295,38.737911
216,216,216 - Praça D. Luís I,A,5,21,0.24,active,2023-03-17 10:20:20,"-9.14655, 38.70663, -9.14655, 38.70663",10,2023-03-17,-9.14655,38.70663
132,132,132 - Avenida de Berlim / Rua Cidade de Cabinda,A,6,25,0.24,active,2023-03-17 10:20:27,"-9.11255, 38.76829, -9.11255, 38.76829",10,2023-03-17,-9.11255,38.76829
521,521,521 - Rua César de Oliveira / Rua Fernando Lopes Graça,A,3,22,0.14,active,2023-03-17 10:20:36,"-9.17386, 38.769044, -9.17386, 38.769044",10,2023-03-17,-9.17386,38.769044
474,474,474 - Av. do Brasil / Av. Rio de Janeiro,A,1,15,0.07,active,2023-03-17 10:20:12,"-9.1409, 38.75832, -9.1409, 38.75832",10,2023-03-17,-9.1409,38.75832
462,462,462 - Campo Grande / Biblioteca Nacional,B,10,29,0.34,active,2023-03-17 10:20:21,"-9.15031, 38.75027, -9.15031, 38.75027",10,2023-03-17,-9.15031,38.75027
150,150,150 - Avenida Dr. Francisco Luis Gomes / Go Fit,A,11,17,0.65,active,2023-03-17 10:20:27,"-9.111745, 38.769665, -9.111745, 38.769665",10,2023-03-17,-9.111745,38.769665
436,436,436 - Instituto Português de Oncologia,A,12,17,0.71,active,2023-03-17 10:20:37,"-9.162447, 38.739395, -9.162447, 38.739395",10,2023-03-17,-9.162447,38.739395
463,463,463 - Campo Grande / Av. da Igreja,B,0,10,0.0,active,2023-03-17 10:20:12,"-9.14951, 38.75243, -9.14951, 38.75243",10,2023-03-17,-9.14951,38.75243
483,483,483 - Rua Professor Francisco Lucas Pires ,B,0,15,0.0,active,2023-03-17 10:20:21,"-9.16405, 38.75939, -9.16405, 38.75939",10,2023-03-17,-9.16405,38.75939
133,133,133 - Rua Cidade de Benguela / Avenida Cidade de L,A,3,18,0.17,active,2023-03-17 10:20:27,"-9.110724, 38.76503, -9.110724, 38.76503",10,2023-03-17,-9.110724,38.76503
410,410,410 - Rua da Mesquita / Universidade Nova de Lisboa,B,0,40,0.0,repair,2023-03-17 10:20:37,"-9.16015, 38.73492, -9.16015, 38.73492",10,2023-03-17,-9.16015,38.73492
407,407,407 - Praça Duque de Saldanha,A,11,17,0.65,active,2023-03-17 10:20:12,"-9.14446, 38.73434, -9.14446, 38.73434",10,2023-03-17,-9.14446,38.73434
215,215,215 - Av. 24 de Julho,B,9,17,0.53,active,2023-03-17 10:20:23,"-9.14949, 38.70662, -9.14949, 38.70662",10,2023-03-17,-9.14949,38.70662
131,131,131 - Avenida de Berlim / Praça Baden Powell,A,3,21,0.14,active,2023-03-17 10:20:27,"-9.110767, 38.768137, -9.110767, 38.768137",10,2023-03-17,-9.110767,38.768137
408,408,408 - Praça Duque de Saldanha,A,5,10,0.5,active,2023-03-17 10:20:13,"-9.144117, 38.733749, -9.144117, 38.733749",10,2023-03-17,-9.144117,38.733749
222,222,222 - Praça da Figueira,A,12,30,0.4,active,2023-03-17 10:20:23,"-9.13828, 38.71383, -9.13828, 38.71383",10,2023-03-17,-9.13828,38.71383
550,550,550 - Rua Fernando Curado Ribeiro / Alameda das Li,A,6,20,0.3,active,2023-03-17 10:20:27,"-9.156487, 38.760871, -9.156487, 38.760871",10,2023-03-17,-9.156487,38.760871
406,406,406 - Praça Duque de Saldanha,A,15,17,0.88,active,2023-03-17 10:20:13,"-9.145341, 38.734247, -9.145341, 38.734247",10,2023-03-17,-9.145341,38.734247
213,213,213 - Av. Infante Dom Henrique / Santa Apolónia,A,12,32,0.38,active,2023-03-17 10:20:24,"-9.122548, 38.713416, -9.122548, 38.713416",10,2023-03-17,-9.122548,38.713416
552,552,552 - Alameda das Linhas de Torres / Hospital Puli,A,2,12,0.17,active,2023-03-17 10:20:28,"-9.157335, 38.766075, -9.157335, 38.766075",10,2023-03-17,-9.157335,38.766075
428,428,428 - Av. República / Avenida Barbosa Du Bocage,A,5,12,0.42,active,2023-03-17 10:20:13,"-9.14684, 38.74047, -9.14684, 38.74047",10,2023-03-17,-9.14684,38.74047
556,556,556 - Alamedas das Linhas de Torres / Estrada da T,A,2,11,0.18,active,2023-03-17 10:20:28,"-9.161462, 38.773489, -9.161462, 38.773489",10,2023-03-17,-9.161462,38.773489
223,223,223 - Praça do Rossio,A,16,21,0.76,active,2023-03-17 10:20:29,"-9.138952, 38.713112, -9.138952, 38.713112",10,2023-03-17,-9.138952,38.713112
427,427,427 - Av. República / Av. Visconde Valmor,A,5,12,0.42,active,2023-03-17 10:20:13,"-9.14617, 38.73812, -9.14617, 38.73812",10,2023-03-17,-9.14617,38.73812
551,551,551 - Rua Francisco Stromp / Alameda das Linhas de,A,1,20,0.05,active,2023-03-17 10:20:28,"-9.157235, 38.762584, -9.157235, 38.762584",10,2023-03-17,-9.157235,38.762584
220,220,220 - Rua do Comercio,A,20,20,1.0,active,2023-03-17 10:20:29,"-9.137125, 38.70878, -9.137125, 38.70878",10,2023-03-17,-9.137125,38.70878
446,446,446 - Av. República / Interface Entrecampos ,A,15,40,0.38,active,2023-03-17 10:20:14,"-9.14773, 38.74456, -9.14773, 38.74456",10,2023-03-17,-9.14773,38.74456
554,554,554 - Alameda das Linhas de Torres / Rua Ladislau,A,2,27,0.07,active,2023-03-17 10:20:28,"-9.158298, 38.768683, -9.158298, 38.768683",10,2023-03-17,-9.158298,38.768683
312,312,312 - Rua Álvaro Coutinho / Avenida Almirante Reis,A,2,18,0.11,active,2023-03-17 10:20:32,"-9.134802, 38.724869, -9.134802, 38.724869",10,2023-03-17,-9.134802,38.724869
403,403,403 - Av. Fontes Pereira de Melo,B,10,20,0.5,active,2023-03-17 10:20:14,"-9.146522, 38.731698, -9.146522, 38.731698",10,2023-03-17,-9.146522,38.731698
135,135,135 - Avenida Cidade de Lourenço Marques / Vale do,A,1,20,0.05,active,2023-03-17 10:20:29,"-9.118689, 38.764067, -9.118689, 38.764067",10,2023-03-17,-9.118689,38.764067
237,237,237 - Avenida da India / Praca das Industrias,A,15,30,0.5,active,2023-03-17 10:20:36,"-9.182262, 38.699093, -9.182262, 38.699093",10,2023-03-17,-9.182262,38.699093
109,109,109 - Alameda dos Oceanos / Rua Ilha dos Amores,B,2,14,0.14,active,2023-03-17 10:20:06,"-9.094672, 38.777589, -9.094672, 38.777589",10,2023-03-17,-9.094672,38.777589
416,416,416 - Av. República / Avenida Duque de Ávila,A,8,17,0.47,active,2023-03-17 10:20:14,"-9.14553, 38.735304, -9.14553, 38.735304",10,2023-03-17,-9.14553,38.735304
362,362,362 - Avenida Eng. Duarte Pacheco,A,13,40,0.33,active,2023-03-17 10:20:33,"-9.159469, 38.72437, -9.159469, 38.72437",10,2023-03-17,-9.159469,38.72437
471,471,471 - Rua Lopes de Mendonça / EB São João de Brito,B,0,10,0.0,active,2023-03-17 10:20:14,"-9.137337, 38.756487, -9.137337, 38.756487",10,2023-03-17,-9.137337,38.756487
232,232,232 - Avenida da Índia / Centro de Arqueologia de Lisboa,A,0,22,0.0,repair,2023-03-17 10:20:37,"-9.212149, 38.694155, -9.212149, 38.694155",10,2023-03-17,-9.212149,38.694155
484,484,484 - Rua Professor Vieira de Almeida,A,1,22,0.05,active,2023-03-17 10:20:15,"-9.16658, 38.76081, -9.16658, 38.76081",10,2023-03-17,-9.16658,38.76081
209,209,209 - Ribeira das Naus,A,0,27,0.0,repair,2023-03-17 10:20:38,"-9.141466, 38.705954, -9.141466, 38.705954",10,2023-03-17,-9.141466,38.705954
308,308,308 - Marquês de Pombal,A,7,11,0.64,active,2023-03-17 10:20:18,"-9.14969, 38.7246, -9.14969, 38.7246",10,2023-03-17,-9.14969,38.7246
211,211,211 - Doca da Marinha,A,0,40,0.0,repair,2023-03-17 10:20:38,"-9.132463, 38.707751, -9.132463, 38.707751",10,2023-03-17,-9.132463,38.707751
443,443,443 - Av. de Roma / Fórum Lisboa,B,2,14,0.14,active,2023-03-17 10:20:18,"-9.13866, 38.74351, -9.13866, 38.74351",10,2023-03-17,-9.13866,38.74351
225,225,225 - Martim Moniz,A,10,16,0.63,active,2023-03-17 10:20:19,"-9.13694, 38.71526, -9.13694, 38.71526",10,2023-03-17,-9.13694,38.71526
419,419,419 - Av. António José de Almeida / Instituto Superior Técnico,B,23,25,0.92,active,2023-03-17 10:20:19,"-9.13956, 38.73811, -9.13956, 38.73811",10,2023-03-17,-9.13956,38.73811
212,212,212 - Av. Infante Dom Henrique / Terminal de Cruzeiros,B,17,20,0.85,active,2023-03-17 10:20:19,"-9.12769, 38.71035, -9.12769, 38.71035",10,2023-03-17,-9.12769,38.71035
490,490,490 - Rua Fernando Namora / Azinhaga da Torre do Fato,A,10,16,0.63,active,2023-03-17 10:20:20,"-9.17849, 38.76026, -9.17849, 38.76026",10,2023-03-17,-9.17849,38.76026
218,218,218 - Cais do Sodré,A,1,22,0.05,active,2023-03-17 10:20:20,"-9.14471, 38.70617, -9.14471, 38.70617",10,2023-03-17,-9.14471,38.70617
214,214,214 - Largo de Santos,A,17,24,0.71,active,2023-03-17 10:20:21,"-9.15424, 38.70673, -9.15424, 38.70673",10,2023-03-17,-9.15424,38.70673
208,208,208 - Cais das Pombas,A,5,22,0.23,active,2023-03-17 10:20:22,"-9.14373, 38.70523, -9.14373, 38.70523",10,2023-03-17,-9.14373,38.70523
475,475,475 - Av. Professor Gama Pinto / Cantina Velha,B,16,41,0.39,active,2023-03-17 10:20:25,"-9.15907, 38.75115, -9.15907, 38.75115",10,2023-03-17,-9.15907,38.75115
139,139,139 - Rua Cidade de Bissau (Metro Olivais),A,6,25,0.24,active,2023-03-17 10:20:30,"-9.111596, 38.76134, -9.111596, 38.76134",10,2023-03-17,-9.111596,38.76134
311,311,311 - Avenida Almirante Reis Nº14,A,4,11,0.36,active,2023-03-17 10:20:30,"-9.135295, 38.721721, -9.135295, 38.721721",10,2023-03-17,-9.135295,38.721721
315,315,315 - Rua Passos Manuel/ Jardim Constantino,A,9,20,0.45,active,2023-03-17 10:20:31,"-9.136968, 38.731264, -9.136968, 38.731264",10,2023-03-17,-9.136968,38.731264
316,316,316 - Rua António Pedro / Rua Pascoal de Melo,A,1,14,0.07,active,2023-03-17 10:20:31,"-9.135356, 38.731424, -9.135356, 38.731424",10,2023-03-17,-9.135356,38.731424
310,310,310 - Rua Pina Manique / Largo do Intendente ,A,8,17,0.47,repair,2023-03-17 10:20:37,"-9.134847, 38.720733, -9.134847, 38.720733",10,2023-03-17,-9.134847,38.720733
361,361,361 - Amoreiras Shopping Center,A,7,31,0.23,active,2023-03-17 10:20:33,"-9.160992, 38.72392, -9.160992, 38.72392",10,2023-03-17,-9.160992,38.72392
517,517,517 - Rua Padre Américo,A,2,19,0.11,active,2023-03-17 10:20:34,"-9.180437, 38.763505, -9.180437, 38.763505",10,2023-03-17,-9.180437,38.763505
509,509,509 - Centro Comercial Fonte Nova,A,7,17,0.41,active,2023-03-17 10:20:36,"-9.190007, 38.748901, -9.190007, 38.748901",10,2023-03-17,-9.190007,38.748901
